,0,1,2,3,4,5,6,7,8,9,10,11,12,13,14,15,16,17,18,19,20,21,22,23,24,25,26,27,28,29,30,31,32,33,34,35,36,37,38,39,40,41
0,402,389,366,372,332,339,332,321,365,325,377,264,381,210,386,178,396,148,417,262,387,281,376,321,383,332,449,277,419,302,404,333,409,337,477,299,455,308,437,330,437,337
1,402,389,366,372,332,339,332,321,365,325,377,264,381,210,386,178,396,148,417,262,387,281,376,321,383,332,449,277,419,302,404,333,409,337,477,299,455,308,437,330,437,337
2,371,382,330,363,297,331,292,307,322,311,341,253,341,203,342,169,346,137,380,249,343,265,334,308,343,321,412,263,375,287,364,321,372,328,441,286,411,295,395,319,398,328
3,371,382,330,363,297,331,292,307,322,311,341,253,341,203,342,169,346,137,380,249,343,265,334,308,343,321,412,263,375,287,364,321,372,328,441,286,411,295,395,319,398,328
4,369,381,330,366,297,334,287,308,318,313,341,255,339,203,338,170,341,139,378,251,341,268,333,310,341,323,409,264,373,289,363,321,370,328,436,285,408,297,393,320,395,327
5,369,381,330,366,297,334,287,308,318,313,341,255,339,203,338,170,341,139,378,251,341,268,333,310,341,323,409,264,373,289,363,321,370,328,436,285,408,297,393,320,395,327
6,372,382,333,368,299,335,291,310,323,314,342,256,341,204,341,170,344,140,380,252,344,269,335,313,343,325,412,266,376,290,365,323,372,328,440,288,411,298,396,321,400,328
7,372,382,333,368,299,335,291,310,323,314,342,256,341,204,341,170,344,140,380,252,344,269,335,313,343,325,412,266,376,290,365,323,372,328,440,288,411,298,396,321,400,328
8,375,382,337,367,303,334,295,310,328,315,346,256,346,205,348,171,352,141,385,253,352,268,341,310,346,325,417,267,383,290,371,322,377,330,445,289,417,299,402,322,405,330
9,375,382,337,367,303,334,295,310,328,315,346,256,346,205,348,171,352,141,385,253,352,268,341,310,346,325,417,267,383,290,371,322,377,330,445,289,417,299,402,322,405,330
10,380,382,342,367,306,333,301,309,336,316,351,256,352,205,355,172,360,141,389,254,358,267,348,310,353,325,422,269,389,290,377,323,381,332,450,291,424,299,408,322,409,331
11,380,382,342,367,306,333,301,309,336,316,351,256,352,205,355,172,360,141,389,254,358,267,348,310,353,325,422,269,389,290,377,323,381,332,450,291,424,299,408,322,409,331
12,383,383,346,365,312,331,308,308,343,316,359,255,361,205,363,172,368,142,397,255,366,265,354,307,357,325,429,271,396,288,384,322,389,332,457,294,431,297,416,321,417,330
13,383,383,346,365,312,331,308,308,343,316,359,255,361,205,363,172,368,142,397,255,366,265,354,307,357,325,429,271,396,288,384,322,389,332,457,294,431,297,416,321,417,330
14,388,382,352,363,319,328,316,306,350,315,369,255,373,205,377,172,383,142,407,256,376,263,362,306,366,324,438,273,405,289,392,322,397,332,466,297,440,299,424,322,425,331
15,388,382,352,363,319,328,316,306,350,315,369,255,373,205,377,172,383,142,407,256,376,263,362,306,366,324,438,273,405,289,392,322,397,332,466,297,440,299,424,322,425,331
16,393,381,357,364,325,329,324,306,359,316,375,256,380,206,385,174,394,143,413,257,382,268,369,311,375,324,444,273,412,292,398,326,404,332,472,297,448,301,431,324,434,332
17,393,381,357,364,325,329,324,306,359,316,375,256,380,206,385,174,394,143,413,257,382,268,369,311,375,324,444,273,412,292,398,326,404,332,472,297,448,301,431,324,434,332
18,395,381,360,365,331,330,331,308,366,315,380,258,385,207,390,175,399,144,419,259,388,270,374,313,380,323,450,275,418,293,402,327,407,331,477,298,454,303,436,326,438,333
19,395,381,360,365,331,330,331,308,366,315,380,258,385,207,390,175,399,144,419,259,388,270,374,313,380,323,450,275,418,293,402,327,407,331,477,298,454,303,436,326,438,333
20,396,382,362,365,334,330,334,308,368,314,384,258,391,209,397,176,406,145,422,259,392,271,378,313,384,324,454,276,422,295,406,328,411,332,480,300,458,305,439,327,442,334
21,396,382,362,365,334,330,334,308,368,314,384,258,391,209,397,176,406,145,422,259,392,271,378,313,384,324,454,276,422,295,406,328,411,332,480,300,458,305,439,327,442,334
22,395,383,359,365,331,329,336,308,372,315,383,258,391,208,398,176,408,146,423,260,393,273,380,314,386,325,454,277,424,296,408,329,413,332,480,302,459,306,441,328,443,334
23,395,383,359,365,331,329,336,308,372,315,383,258,391,208,398,176,408,146,423,260,393,273,380,314,386,325,454,277,424,296,408,329,413,332,480,302,459,306,441,328,443,334
24,396,384,360,366,331,331,336,311,372,317,382,260,389,209,396,177,405,146,422,261,391,274,379,315,384,327,454,277,422,297,407,329,412,334,480,301,459,306,441,328,441,335
25,396,384,360,366,331,331,336,311,372,317,382,260,389,209,396,177,405,146,422,261,391,274,379,315,384,327,454,277,422,297,407,329,412,334,480,301,459,306,441,328,441,335
26,395,384,360,367,331,331,333,309,369,316,382,260,389,210,396,177,405,147,422,261,392,273,378,315,384,326,454,278,423,297,407,330,412,334,480,302,459,308,440,330,441,337
27,395,384,360,367,331,331,333,309,369,316,382,260,389,210,396,177,405,147,422,261,392,273,378,315,384,326,454,278,423,297,407,330,412,334,480,302,459,308,440,330,441,337
28,396,384,362,366,335,331,334,307,367,312,387,258,395,209,401,176,410,146,426,261,394,273,379,314,384,325,457,279,425,298,408,329,413,334,483,305,460,309,441,331,444,337
29,396,384,362,366,335,331,334,307,367,312,387,258,395,209,401,176,410,146,426,261,394,273,379,314,384,325,457,279,425,298,408,329,413,334,483,305,460,309,441,331,444,337
30,396,383,364,362,338,326,339,305,373,313,395,257,405,209,413,176,421,146,433,263,403,267,384,308,386,323,463,284,431,295,413,327,417,336,489,311,466,309,447,330,449,339
31,396,383,364,362,338,326,339,305,373,313,395,257,405,209,413,176,421,146,433,263,403,267,384,308,386,323,463,284,431,295,413,327,417,336,489,311,466,309,447,330,449,339
32,398,382,367,359,343,321,346,300,381,306,406,257,419,209,429,175,441,147,444,268,414,266,390,305,391,321,473,291,441,296,420,327,424,337,497,321,478,315,456,334,455,342
33,398,382,367,359,343,321,346,300,381,306,406,257,419,209,429,175,441,147,444,268,414,266,390,305,391,321,473,291,441,296,420,327,424,337,497,321,478,315,456,334,455,342
34,418,384,396,352,386,303,409,284,444,309,463,262,498,219,524,191,547,169,495,283,479,280,449,304,438,316,517,314,502,314,473,332,463,339,534,348,533,338,509,347,495,353
35,418,384,396,352,386,303,409,284,444,309,463,262,498,219,524,191,547,169,495,283,479,280,449,304,438,316,517,314,502,314,473,332,463,339,534,348,533,338,509,347,495,353
36,428,387,408,354,404,304,431,290,464,313,479,267,517,221,544,198,570,176,508,290,495,284,462,310,454,320,527,320,516,317,483,337,476,343,542,352,546,340,517,351,506,357
37,428,387,408,354,404,304,431,290,464,313,479,267,517,221,544,198,570,176,508,290,495,284,462,310,454,320,527,320,516,317,483,337,476,343,542,352,546,340,517,351,506,357
38,436,387,417,356,414,308,440,296,473,313,485,265,523,221,552,197,579,177,515,287,504,286,472,312,462,321,535,316,526,317,492,337,483,341,551,347,553,340,524,353,514,357
39,436,387,417,356,414,308,440,296,473,313,485,265,523,221,552,197,579,177,515,287,504,286,472,312,462,321,535,316,526,317,492,337,483,341,551,347,553,340,524,353,514,357
40,438,387,417,355,413,307,439,294,471,310,482,263,522,217,549,193,575,170,512,285,506,282,474,311,464,322,533,314,529,311,496,334,486,341,549,344,559,332,532,345,520,351
41,438,387,417,355,413,307,439,294,471,310,482,263,522,217,549,193,575,170,512,285,506,282,474,311,464,322,533,314,529,311,496,334,486,341,549,344,559,332,532,345,520,351
42,435,385,415,353,410,304,437,290,469,308,478,260,516,214,542,189,567,166,507,282,503,278,472,307,461,319,527,310,527,305,495,329,483,337,544,340,555,328,528,340,514,347
43,435,385,415,353,410,304,437,290,469,308,478,260,516,214,542,189,567,166,507,282,503,278,472,307,461,319,527,310,527,305,495,329,483,337,544,340,555,328,528,340,514,347
44,433,384,412,352,406,303,431,288,465,306,472,258,509,211,534,185,558,161,502,279,497,274,466,304,456,317,523,307,522,300,491,324,481,334,540,337,552,322,525,335,512,342
45,433,384,412,352,406,303,431,288,465,306,472,258,509,211,534,185,558,161,502,279,497,274,466,304,456,317,523,307,522,300,491,324,481,334,540,337,552,322,525,335,512,342
46,428,382,406,351,399,301,424,286,459,303,463,255,498,207,523,181,546,157,495,274,487,271,458,302,450,316,517,301,512,298,483,321,476,331,535,331,543,319,516,331,504,339
47,428,382,406,351,399,301,424,286,459,303,463,255,498,207,523,181,546,157,495,274,487,271,458,302,450,316,517,301,512,298,483,321,476,331,535,331,543,319,516,331,504,339
48,419,382,395,350,385,301,410,288,446,302,449,252,480,204,503,178,526,153,482,267,473,268,446,298,439,310,505,292,498,296,470,319,462,326,525,321,527,317,499,331,486,335
49,419,382,395,350,385,301,410,288,446,302,449,252,480,204,503,178,526,153,482,267,473,268,446,298,439,310,505,292,498,296,470,319,462,326,525,321,527,317,499,331,486,335
50,405,379,377,352,361,305,384,289,424,300,428,248,454,198,475,169,496,142,464,261,444,263,419,296,417,307,488,284,471,289,445,315,442,320,509,312,500,309,474,326,465,331
51,405,379,377,352,361,305,384,289,424,300,428,248,454,198,475,169,496,142,464,261,444,263,419,296,417,307,488,284,471,289,445,315,442,320,509,312,500,309,474,326,465,331
52,390,381,355,355,333,307,353,286,393,298,398,246,418,193,437,164,459,139,438,253,406,262,389,295,392,306,466,273,433,286,413,312,413,317,490,299,463,302,439,320,432,326
53,390,381,355,355,333,307,353,286,393,298,398,246,418,193,437,164,459,139,438,253,406,262,389,295,392,306,466,273,433,286,413,312,413,317,490,299,463,302,439,320,432,326
54,375,406,337,380,302,344,280,318,275,301,334,261,316,204,309,172,306,145,363,254,304,272,293,309,301,325,386,263,328,294,314,325,319,333,407,282,363,296,345,321,344,333
55,375,406,337,380,302,344,280,318,275,301,334,261,316,204,309,172,306,145,363,254,304,272,293,309,301,325,386,263,328,294,314,325,319,333,407,282,363,296,345,321,344,333
56,315,401,267,380,228,350,215,324,235,318,267,262,258,206,252,169,249,137,307,256,260,277,257,318,269,336,340,268,292,294,289,327,298,341,370,287,328,299,317,323,319,337
57,315,401,267,380,228,350,215,324,235,318,267,262,258,206,252,169,249,137,307,256,260,277,257,318,269,336,340,268,292,294,289,327,298,341,370,287,328,299,317,323,319,337
58,297,400,250,387,208,358,188,332,213,329,246,267,237,209,234,173,236,140,284,260,236,279,237,320,255,335,317,270,268,297,268,331,282,340,346,289,305,301,296,326,301,338
59,297,400,250,387,208,358,188,332,213,329,246,267,237,209,234,173,236,140,284,260,236,279,237,320,255,335,317,270,268,297,268,331,282,340,346,289,305,301,296,326,301,338
60,287,400,237,388,191,360,170,334,194,334,229,267,216,215,208,182,204,151,266,257,213,287,215,330,234,343,298,267,249,303,251,337,266,342,327,286,286,306,279,331,287,338
61,287,400,237,388,191,360,170,334,194,334,229,267,216,215,208,182,204,151,266,257,213,287,215,330,234,343,298,267,249,303,251,337,266,342,327,286,286,306,279,331,287,338
62,276,402,224,391,178,365,155,341,178,339,211,271,195,219,183,186,175,156,247,259,196,291,200,334,219,346,280,267,232,306,236,340,250,345,310,285,269,306,264,331,272,339
63,276,402,224,391,178,365,155,341,178,339,211,271,195,219,183,186,175,156,247,259,196,291,200,334,219,346,280,267,232,306,236,340,250,345,310,285,269,306,264,331,272,339
64,267,400,217,394,165,369,137,345,165,341,198,276,178,221,163,187,152,156,235,262,182,294,187,339,206,350,269,269,219,305,223,341,238,346,300,285,257,305,252,332,260,341
65,267,400,217,394,165,369,137,345,165,341,198,276,178,221,163,187,152,156,235,262,182,294,187,339,206,350,269,269,219,305,223,341,238,346,300,285,257,305,252,332,260,341
66,262,401,211,396,160,371,129,348,152,345,187,277,164,223,148,189,136,159,223,263,171,293,176,340,195,354,258,268,208,304,213,342,228,350,290,283,247,304,241,332,249,344
67,262,401,211,396,160,371,129,348,152,345,187,277,164,223,148,189,136,159,223,263,171,293,176,340,195,354,258,268,208,304,213,342,228,350,290,283,247,304,241,332,249,344
68,260,402,209,397,156,371,125,348,146,346,182,277,158,225,140,191,127,162,218,264,165,292,170,343,190,355,252,268,201,303,206,345,223,352,284,282,240,303,234,334,243,345
69,260,402,209,397,156,371,125,348,146,346,182,277,158,225,140,191,127,162,218,264,165,292,170,343,190,355,252,268,201,303,206,345,223,352,284,282,240,303,234,334,243,345
70,259,402,206,398,152,371,122,348,143,347,180,278,155,226,137,192,124,164,216,265,162,293,169,344,189,355,250,269,198,304,204,346,221,353,282,282,237,303,231,335,240,347
71,259,402,206,398,152,371,122,348,143,347,180,278,155,226,137,192,124,164,216,265,162,293,169,344,189,355,250,269,198,304,204,346,221,353,282,282,237,303,231,335,240,347
72,259,403,206,399,152,373,122,349,142,347,179,279,154,226,136,192,123,163,216,265,162,293,168,343,189,356,250,269,198,305,204,346,222,354,281,282,237,304,231,335,239,347
73,259,403,206,399,152,373,122,349,142,347,179,279,154,226,136,192,123,163,216,265,162,293,168,343,189,356,250,269,198,305,204,346,222,354,281,282,237,304,231,335,239,347
74,258,403,206,398,152,373,121,349,142,347,180,278,155,225,136,191,123,162,217,264,161,293,168,343,189,356,250,269,198,305,204,346,222,354,282,282,238,304,231,335,239,347
75,258,403,206,398,152,373,121,349,142,347,180,278,155,225,136,191,123,162,217,264,161,293,168,343,189,356,250,269,198,305,204,346,222,354,282,282,238,304,231,335,239,347
76,258,404,205,398,152,372,122,348,144,346,181,278,156,225,138,191,126,162,219,264,163,292,168,344,188,355,253,268,200,306,207,348,224,355,284,282,240,306,234,337,243,347
77,258,404,205,398,152,372,122,348,144,346,181,278,156,225,138,191,126,162,219,264,163,292,168,344,188,355,253,268,200,306,207,348,224,355,284,282,240,306,234,337,243,347
78,260,403,208,398,155,373,124,350,147,347,182,279,158,226,140,192,127,162,219,265,166,293,171,342,190,355,253,268,203,306,209,346,225,355,285,282,242,304,235,335,243,347
79,260,403,208,398,155,373,124,350,147,347,182,279,158,226,140,192,127,162,219,265,166,293,171,342,190,355,253,268,203,306,209,346,225,355,285,282,242,304,235,335,243,347
80,260,404,208,399,154,373,124,349,147,347,183,280,158,226,140,192,127,162,220,265,165,293,171,344,191,355,253,269,202,305,208,347,225,355,285,282,242,304,235,335,244,347
81,260,404,208,399,154,373,124,349,147,347,183,280,158,226,140,192,127,162,220,265,165,293,171,344,191,355,253,269,202,305,208,347,225,355,285,282,242,304,235,335,244,347
82,263,404,210,399,155,373,125,349,149,347,185,279,159,226,141,192,128,163,221,265,167,292,173,342,192,355,255,268,204,305,209,346,226,354,286,282,243,304,236,334,243,347
83,263,404,210,399,155,373,125,349,149,347,185,279,159,226,141,192,128,163,221,265,167,292,173,342,192,355,255,268,204,305,209,346,226,354,286,282,243,304,236,334,243,347
84,264,404,211,399,156,373,126,348,150,346,186,279,160,226,141,193,128,163,222,265,167,293,173,343,193,355,255,269,204,305,210,347,227,355,286,282,243,304,236,335,244,348
85,264,404,211,399,156,373,126,348,150,346,186,279,160,226,141,193,128,163,222,265,167,293,173,343,193,355,255,269,204,305,210,347,227,355,286,282,243,304,236,335,244,348
86,265,404,211,399,156,373,127,349,151,347,186,280,160,227,141,193,128,164,223,265,167,293,174,345,194,355,256,269,205,307,211,349,229,355,287,282,243,304,237,336,246,348
87,265,404,211,399,156,373,127,349,151,347,186,280,160,227,141,193,128,164,223,265,167,293,174,345,194,355,256,269,205,307,211,349,229,355,287,282,243,304,237,336,246,348
88,266,404,212,398,159,373,129,348,154,346,189,278,164,225,145,192,131,163,225,264,170,293,176,343,196,353,259,269,208,307,214,348,231,354,290,283,247,306,240,336,249,347
89,266,404,212,398,159,373,129,348,154,346,189,278,164,225,145,192,131,163,225,264,170,293,176,343,196,353,259,269,208,307,214,348,231,354,290,283,247,306,240,336,249,347
90,266,403,213,397,160,371,132,345,157,343,191,276,168,225,151,191,138,162,229,264,174,293,179,343,198,354,263,269,212,306,216,347,233,354,295,284,252,306,245,335,253,346
91,266,403,213,397,160,371,132,345,157,343,191,276,168,225,151,191,138,162,229,264,174,293,179,343,198,354,263,269,212,306,216,347,233,354,295,284,252,306,245,335,253,346
92,264,401,213,392,165,363,140,338,165,336,199,271,179,218,162,184,150,155,238,261,184,291,186,339,204,352,272,269,221,305,222,343,236,351,303,288,263,305,253,333,259,345
93,264,401,213,392,165,363,140,338,165,336,199,271,179,218,162,184,150,155,238,261,184,291,186,339,204,352,272,269,221,305,222,343,236,351,303,288,263,305,253,333,259,345
94,266,396,215,381,168,347,149,322,175,328,209,263,194,211,183,178,175,149,247,255,197,283,194,328,209,345,281,266,233,300,229,336,240,347,312,287,275,303,262,328,264,341
95,266,396,215,381,168,347,149,322,175,328,209,263,194,211,183,178,175,149,247,255,197,283,194,328,209,345,281,266,233,300,229,336,240,347,312,287,275,303,262,328,264,341
96,276,377,232,362,194,333,173,308,186,300,232,244,222,187,214,151,209,119,269,238,222,258,217,301,227,320,302,250,254,278,252,314,262,328,332,270,294,282,283,309,286,322
97,276,377,232,362,194,333,173,308,186,300,232,244,222,187,214,151,209,119,269,238,222,258,217,301,227,320,302,250,254,278,252,314,262,328,332,270,294,282,283,309,286,322
98,278,377,233,362,194,334,173,310,184,301,233,243,224,185,217,147,213,115,270,238,223,257,217,300,226,319,302,250,257,275,251,311,259,325,332,270,297,280,283,306,284,321
99,278,377,233,362,194,334,173,310,184,301,233,243,224,185,217,147,213,115,270,238,223,257,217,300,226,319,302,250,257,275,251,311,259,325,332,270,297,280,283,306,284,321
100,284,370,239,351,199,317,179,289,199,284,243,233,237,176,232,139,229,107,280,229,234,244,228,287,236,307,313,240,268,262,262,299,268,315,344,261,308,267,295,293,295,309
101,284,370,239,351,199,317,179,289,199,284,243,233,237,176,232,139,229,107,280,229,234,244,228,287,236,307,313,240,268,262,262,299,268,315,344,261,308,267,295,293,295,309
102,290,358,246,341,208,308,191,279,219,277,252,224,247,164,244,126,242,92,291,219,248,234,241,277,249,297,324,231,280,252,274,288,281,303,355,251,319,257,306,284,308,298
103,290,358,246,341,208,308,191,279,219,277,252,224,247,164,244,126,242,92,291,219,248,234,241,277,249,297,324,231,280,252,274,288,281,303,355,251,319,257,306,284,308,298
104,299,352,256,334,216,300,202,269,235,267,262,216,257,155,253,117,252,83,301,211,259,224,252,268,259,290,334,222,292,242,286,279,292,296,366,242,332,245,318,273,319,289
105,299,352,256,334,216,300,202,269,235,267,262,216,257,155,253,117,252,83,301,211,259,224,252,268,259,290,334,222,292,242,286,279,292,296,366,242,332,245,318,273,319,289
106,307,346,263,330,223,293,210,260,244,259,268,210,266,149,264,111,265,77,308,206,271,216,263,263,270,284,343,217,305,235,296,275,302,290,375,236,345,237,331,265,332,279
107,307,346,263,330,223,293,210,260,244,259,268,210,266,149,264,111,265,77,308,206,271,216,263,263,270,284,343,217,305,235,296,275,302,290,375,236,345,237,331,265,332,279
108,313,342,268,328,226,290,213,255,247,255,272,205,270,143,268,106,269,71,312,200,275,211,268,259,277,277,347,211,310,231,300,272,307,283,379,230,348,236,334,265,336,276
109,313,342,268,328,226,290,213,255,247,255,272,205,270,143,268,106,269,71,312,200,275,211,268,259,277,277,347,211,310,231,300,272,307,283,379,230,348,236,334,265,336,276
110,316,338,271,323,228,286,214,251,247,251,273,201,270,138,269,100,270,65,312,195,277,206,271,254,280,274,347,205,311,226,303,268,309,281,380,223,349,231,335,260,337,273
111,316,338,271,323,228,286,214,251,247,251,273,201,270,138,269,100,270,65,312,195,277,206,271,254,280,274,347,205,311,226,303,268,309,281,380,223,349,231,335,260,337,273
112,314,333,268,318,225,279,211,245,243,246,271,195,268,131,266,93,267,57,310,191,274,201,269,249,278,267,346,201,309,220,301,263,308,275,380,219,349,222,335,252,336,266
113,314,333,268,318,225,279,211,245,243,246,271,195,268,131,266,93,267,57,310,191,274,201,269,249,278,267,346,201,309,220,301,263,308,275,380,219,349,222,335,252,336,266
114,312,329,265,313,220,273,207,239,241,240,267,191,264,126,262,89,264,54,306,187,271,195,266,243,276,261,342,197,306,213,300,255,308,268,376,214,346,214,334,243,338,256
115,312,329,265,313,220,273,207,239,241,240,267,191,264,126,262,89,264,54,306,187,271,195,266,243,276,261,342,197,306,213,300,255,308,268,376,214,346,214,334,243,338,256
116,305,326,258,308,213,267,200,233,233,232,260,187,256,120,254,81,255,45,299,185,261,188,256,237,267,255,334,194,296,206,291,249,300,262,367,211,337,209,328,237,334,249
117,305,326,258,308,213,267,200,233,233,232,260,187,256,120,254,81,255,45,299,185,261,188,256,237,267,255,334,194,296,206,291,249,300,262,367,211,337,209,328,237,334,249
118,295,325,248,308,203,270,191,236,224,234,249,184,246,116,245,78,246,42,288,180,249,185,245,234,256,253,323,190,284,206,279,249,288,263,356,207,323,209,312,238,315,252
119,295,325,248,308,203,270,191,236,224,234,249,184,246,116,245,78,246,42,288,180,249,185,245,234,256,253,323,190,284,206,279,249,288,263,356,207,323,209,312,238,315,252
120,283,330,236,314,193,279,174,245,203,240,236,187,232,122,228,82,228,46,276,182,232,193,226,245,236,263,310,192,267,212,261,255,270,267,342,210,307,214,293,245,296,259
121,283,330,236,314,193,279,174,245,203,240,236,187,232,122,228,82,228,46,276,182,232,193,226,245,236,263,310,192,267,212,261,255,270,267,342,210,307,214,293,245,296,259
122,283,331,235,314,191,277,173,242,206,240,236,188,232,122,227,82,226,47,275,183,231,195,226,245,237,263,309,193,266,213,260,256,269,270,342,210,307,215,295,244,300,258
123,283,331,235,314,191,277,173,242,206,240,236,188,232,122,227,82,226,47,275,183,231,195,226,245,237,263,309,193,266,213,260,256,269,270,342,210,307,215,295,244,300,258
124,279,337,231,319,189,283,169,249,201,246,234,192,229,127,225,88,224,52,273,188,229,198,223,250,236,266,308,199,265,218,257,262,268,273,341,217,306,220,291,251,295,264
125,279,337,231,319,189,283,169,249,201,246,234,192,229,127,225,88,224,52,273,188,229,198,223,250,236,266,308,199,265,218,257,262,268,273,341,217,306,220,291,251,295,264
126,280,342,232,326,189,288,171,253,204,254,237,198,232,132,228,93,227,57,277,194,231,205,224,256,237,274,313,206,268,223,259,267,270,280,345,226,311,225,295,254,298,269
127,280,342,232,326,189,288,171,253,204,254,237,198,232,132,228,93,227,57,277,194,231,205,224,256,237,274,313,206,268,223,259,267,270,280,345,226,311,225,295,254,298,269
128,286,349,239,331,197,293,183,259,217,262,244,205,241,141,237,102,236,66,285,201,241,211,234,260,246,278,319,213,277,230,268,271,278,285,351,234,320,233,304,261,306,276
129,286,349,239,331,197,293,183,259,217,262,244,205,241,141,237,102,236,66,285,201,241,211,234,260,246,278,319,213,277,230,268,271,278,285,351,234,320,233,304,261,306,276
130,295,356,247,336,205,296,196,262,231,266,254,211,251,149,248,110,247,74,295,208,254,217,247,264,256,284,330,221,289,238,282,276,290,290,362,242,330,242,317,268,321,282
131,295,356,247,336,205,296,196,262,231,266,254,211,251,149,248,110,247,74,295,208,254,217,247,264,256,284,330,221,289,238,282,276,290,290,362,242,330,242,317,268,321,282
132,303,364,258,344,217,302,209,267,244,273,265,218,265,157,265,119,266,85,306,215,269,226,262,271,271,291,341,229,302,246,296,284,304,297,373,250,342,252,330,278,334,290
133,303,364,258,344,217,302,209,267,244,273,265,218,265,157,265,119,266,85,306,215,269,226,262,271,271,291,341,229,302,246,296,284,304,297,373,250,342,252,330,278,334,290
134,312,373,269,353,230,310,224,277,258,284,279,229,279,167,280,131,282,97,320,227,285,235,277,282,286,299,354,240,318,256,310,295,319,306,386,261,357,263,345,289,350,299
135,312,373,269,353,230,310,224,277,258,284,279,229,279,167,280,131,282,97,320,227,285,235,277,282,286,299,354,240,318,256,310,295,319,306,386,261,357,263,345,289,350,299
136,322,382,279,360,241,318,236,286,268,295,292,238,293,178,296,141,300,108,332,237,301,246,290,291,296,310,367,252,333,268,322,306,329,318,399,274,371,276,358,302,361,312
137,322,382,279,360,241,318,236,286,268,295,292,238,293,178,296,141,300,108,332,237,301,246,290,291,296,310,367,252,333,268,322,306,329,318,399,274,371,276,358,302,361,312
138,331,389,288,369,252,327,248,297,282,306,301,247,305,186,310,149,316,115,342,247,311,255,300,301,304,319,377,261,344,278,333,316,339,327,408,283,382,287,369,312,372,322
139,331,389,288,369,252,327,248,297,282,306,301,247,305,186,310,149,316,115,342,247,311,255,300,301,304,319,377,261,344,278,333,316,339,327,408,283,382,287,369,312,372,322
140,337,398,295,378,259,336,258,307,292,315,308,256,313,196,319,158,326,124,349,255,320,266,308,313,311,327,384,269,354,289,340,328,344,336,416,291,393,297,377,323,379,331
141,337,398,295,378,259,336,258,307,292,315,308,256,313,196,319,158,326,124,349,255,320,266,308,313,311,327,384,269,354,289,340,328,344,336,416,291,393,297,377,323,379,331
142,341,402,299,384,264,343,264,315,300,323,312,264,318,203,325,166,333,133,354,263,325,273,313,318,317,334,389,277,358,296,344,333,347,342,420,299,398,304,382,328,382,337
143,341,402,299,384,264,343,264,315,300,323,312,264,318,203,325,166,333,133,354,263,325,273,313,318,317,334,389,277,358,296,344,333,347,342,420,299,398,304,382,328,382,337
144,345,406,304,389,269,348,269,320,306,328,317,269,323,209,330,172,339,139,358,268,332,279,319,324,321,339,394,282,366,302,351,338,353,346,425,304,405,309,389,333,389,341
145,345,406,304,389,269,348,269,320,306,328,317,269,323,209,330,172,339,139,358,268,332,279,319,324,321,339,394,282,366,302,351,338,353,346,425,304,405,309,389,333,389,341
146,347,410,307,392,272,351,273,324,309,332,322,272,331,213,339,177,348,144,363,272,337,282,323,327,324,342,398,287,370,305,355,342,355,352,429,309,408,313,393,337,392,346
147,347,410,307,392,272,351,273,324,309,332,322,272,331,213,339,177,348,144,363,272,337,282,323,327,324,342,398,287,370,305,355,342,355,352,429,309,408,313,393,337,392,346
148,346,411,306,394,272,354,273,326,309,333,323,275,333,217,343,181,353,149,364,275,338,284,324,330,327,344,398,291,372,309,355,345,357,351,429,313,410,319,393,342,393,348
149,346,411,306,394,272,354,273,326,309,333,323,275,333,217,343,181,353,149,364,275,338,284,324,330,327,344,398,291,372,309,355,345,357,351,429,313,410,319,393,342,393,348
150,339,413,298,395,264,353,269,325,306,333,319,275,330,218,339,182,349,150,360,277,334,286,320,330,321,346,394,294,367,310,351,346,351,356,424,316,405,318,390,341,391,349
151,339,413,298,395,264,353,269,325,306,333,319,275,330,218,339,182,349,150,360,277,334,286,320,330,321,346,394,294,367,310,351,346,351,356,424,316,405,318,390,341,391,349
152,328,414,287,394,254,352,259,324,294,333,310,277,320,219,329,183,338,150,351,277,323,289,309,331,310,346,385,293,355,311,341,345,342,356,415,317,393,320,377,343,377,353
153,328,414,287,394,254,352,259,324,294,333,310,277,320,219,329,183,338,150,351,277,323,289,309,331,310,346,385,293,355,311,341,345,342,356,415,317,393,320,377,343,377,353
154,318,416,276,396,241,354,243,327,278,334,295,278,304,219,313,182,323,150,337,277,306,288,293,330,295,347,371,291,339,309,327,343,329,354,402,314,375,318,361,342,361,352
155,318,416,276,396,241,354,243,327,278,334,295,278,304,219,313,182,323,150,337,277,306,288,293,330,295,347,371,291,339,309,327,343,329,354,402,314,375,318,361,342,361,352
156,279,410,233,385,194,348,181,316,203,311,241,265,239,206,239,169,244,135,282,262,234,271,227,316,237,333,315,276,267,291,259,328,267,340,346,298,305,300,290,326,293,338
157,279,410,233,385,194,348,181,316,203,311,241,265,239,206,239,169,244,135,282,262,234,271,227,316,237,333,315,276,267,291,259,328,267,340,346,298,305,300,290,326,293,338
158,251,401,205,383,162,340,152,305,183,312,221,260,224,200,225,164,229,132,259,260,211,268,204,314,218,334,290,273,243,285,236,323,246,336,319,294,284,291,270,316,275,329
159,251,401,205,383,162,340,152,305,183,312,221,260,224,200,225,164,229,132,259,260,211,268,204,314,218,334,290,273,243,285,236,323,246,336,319,294,284,291,270,316,275,329
160,234,396,188,375,146,331,134,298,164,305,205,255,209,195,211,158,214,126,244,254,198,262,189,307,198,330,277,268,230,281,222,318,229,334,306,289,268,290,255,317,258,331
161,234,396,188,375,146,331,134,298,164,305,205,255,209,195,211,158,214,126,244,254,198,262,189,307,198,330,277,268,230,281,222,318,229,334,306,289,268,290,255,317,258,331
162,223,393,176,372,135,330,119,295,148,300,194,253,197,191,197,154,199,121,234,252,186,261,175,306,185,327,266,266,218,277,209,315,216,331,295,287,256,287,242,313,246,329
163,223,393,176,372,135,330,119,295,148,300,194,253,197,191,197,154,199,121,234,252,186,261,175,306,185,327,266,266,218,277,209,315,216,331,295,287,256,287,242,313,246,329
164,213,391,165,369,123,328,105,293,134,298,181,250,183,188,182,151,185,117,221,249,171,258,160,304,172,323,253,263,205,274,195,313,204,328,283,285,245,282,230,309,232,325
165,213,391,165,369,123,328,105,293,134,298,181,250,183,188,182,151,185,117,221,249,171,258,160,304,172,323,253,263,205,274,195,313,204,328,283,285,245,282,230,309,232,325
166,203,390,155,367,112,325,93,290,120,294,172,248,171,186,168,149,170,116,210,247,158,253,149,298,161,318,241,260,190,270,181,308,192,325,270,281,228,280,214,306,218,323
167,203,390,155,367,112,325,93,290,120,294,172,248,171,186,168,149,170,116,210,247,158,253,149,298,161,318,241,260,190,270,181,308,192,325,270,281,228,280,214,306,218,323
168,191,385,142,362,100,321,79,286,105,290,160,244,157,182,154,144,155,112,197,243,143,248,133,293,147,314,228,255,174,266,166,305,178,320,256,276,213,276,200,302,204,318
169,191,385,142,362,100,321,79,286,105,290,160,244,157,182,154,144,155,112,197,243,143,248,133,293,147,314,228,255,174,266,166,305,178,320,256,276,213,276,200,302,204,318
170,179,380,129,360,86,318,66,282,92,287,146,240,142,177,138,140,138,107,184,239,127,244,118,291,132,311,215,252,161,262,153,302,164,317,245,272,203,269,188,295,192,310
171,179,380,129,360,86,318,66,282,92,287,146,240,142,177,138,140,138,107,184,239,127,244,118,291,132,311,215,252,161,262,153,302,164,317,245,272,203,269,188,295,192,310
172,165,376,116,356,74,314,55,279,79,283,133,236,128,173,124,136,124,103,171,235,113,239,105,288,119,308,202,247,147,259,139,300,151,315,232,268,191,265,174,292,176,307
173,165,376,116,356,74,314,55,279,79,283,133,236,128,173,124,136,124,103,171,235,113,239,105,288,119,308,202,247,147,259,139,300,151,315,232,268,191,265,174,292,176,307
174,155,372,104,352,64,311,44,276,66,278,124,231,120,169,115,132,113,99,160,231,100,235,90,285,106,304,191,245,134,253,126,296,139,310,221,265,180,260,163,287,166,302
175,155,372,104,352,64,311,44,276,66,278,124,231,120,169,115,132,113,99,160,231,100,235,90,285,106,304,191,245,134,253,126,296,139,310,221,265,180,260,163,287,166,302
176,148,371,98,350,57,309,34,274,56,276,116,229,112,167,106,129,104,96,152,230,92,232,82,281,97,301,183,243,125,252,117,294,131,308,212,263,170,258,153,285,156,301
177,148,371,98,350,57,309,34,274,56,276,116,229,112,167,106,129,104,96,152,230,92,232,82,281,97,301,183,243,125,252,117,294,131,308,212,263,170,258,153,285,156,301
178,148,371,96,351,53,307,29,272,50,274,112,229,106,165,99,128,96,96,148,229,87,231,78,282,94,301,179,241,120,252,113,296,128,310,208,261,165,256,148,282,151,297
179,148,371,96,351,53,307,29,272,50,274,112,229,106,165,99,128,96,96,148,229,87,231,78,282,94,301,179,241,120,252,113,296,128,310,208,261,165,256,148,282,151,297
180,149,373,97,352,53,309,27,273,47,274,110,229,104,166,97,128,92,96,146,229,85,232,78,283,95,302,177,241,118,252,114,297,129,312,206,259,162,255,148,283,152,299
181,149,373,97,352,53,309,27,273,47,274,110,229,104,166,97,128,92,96,146,229,85,232,78,283,95,302,177,241,118,252,114,297,129,312,206,259,162,255,148,283,152,299
182,149,375,97,354,53,310,28,274,48,278,111,231,104,167,96,129,91,97,147,230,86,233,79,284,94,304,177,242,118,252,114,297,128,313,206,260,163,255,149,282,153,298
183,149,375,97,354,53,310,28,274,48,278,111,231,104,167,96,129,91,97,147,230,86,233,79,284,94,304,177,242,118,252,114,297,128,313,206,260,163,255,149,282,153,298
184,154,379,100,357,55,313,31,276,53,281,114,232,107,171,99,134,94,102,150,230,90,236,84,287,99,307,182,242,122,256,118,300,131,316,210,262,166,261,152,288,155,304
185,154,379,100,357,55,313,31,276,53,281,114,232,107,171,99,134,94,102,150,230,90,236,84,287,99,307,182,242,122,256,118,300,131,316,210,262,166,261,152,288,155,304
186,161,380,107,359,61,315,37,278,60,283,118,235,111,173,104,136,99,103,155,233,95,238,89,290,104,309,186,246,128,258,123,301,135,317,216,266,174,263,158,290,160,305
187,161,380,107,359,61,315,37,278,60,283,118,235,111,173,104,136,99,103,155,233,95,238,89,290,104,309,186,246,128,258,123,301,135,317,216,266,174,263,158,290,160,305
188,168,382,115,360,71,317,49,281,71,284,129,237,120,176,113,140,110,107,166,235,106,240,99,292,114,312,198,247,139,260,133,304,145,322,227,268,187,265,170,290,169,306
189,168,382,115,360,71,317,49,281,71,284,129,237,120,176,113,140,110,107,166,235,106,240,99,292,114,312,198,247,139,260,133,304,145,322,227,268,187,265,170,290,169,306
190,166,382,115,360,71,317,48,283,71,287,129,238,122,175,114,138,111,106,166,237,107,241,98,291,114,310,197,250,140,260,133,304,146,319,227,269,185,265,170,292,174,308
191,166,382,115,360,71,317,48,283,71,287,129,238,122,175,114,138,111,106,166,237,107,241,98,291,114,310,197,250,140,260,133,304,146,319,227,269,185,265,170,292,174,308
192,173,381,121,360,76,317,54,283,79,287,134,238,126,176,119,139,117,106,171,236,112,242,105,293,122,310,203,249,146,260,139,303,152,317,233,269,192,266,175,293,177,309
193,173,381,121,360,76,317,54,283,79,287,134,238,126,176,119,139,117,106,171,236,112,242,105,293,122,310,203,249,146,260,139,303,152,317,233,269,192,266,175,293,177,309
194,197,383,149,360,103,320,81,285,106,290,154,239,147,178,142,142,141,110,192,238,139,243,131,291,144,313,225,250,172,262,165,303,176,322,255,271,213,268,201,295,206,311
195,197,383,149,360,103,320,81,285,106,290,154,239,147,178,142,142,141,110,192,238,139,243,131,291,144,313,225,250,172,262,165,303,176,322,255,271,213,268,201,295,206,311
196,207,386,157,366,112,323,92,287,117,292,162,242,158,182,154,144,154,112,201,240,152,247,144,294,155,317,234,252,186,265,177,305,185,322,265,273,228,271,213,297,215,314
197,207,386,157,366,112,323,92,287,117,292,162,242,158,182,154,144,154,112,201,240,152,247,144,294,155,317,234,252,186,265,177,305,185,322,265,273,228,271,213,297,215,314
198,217,390,166,369,121,325,103,289,129,297,174,246,169,187,165,149,163,117,212,243,165,252,157,299,168,322,246,256,198,270,189,308,197,326,276,277,239,276,225,301,227,317
199,217,390,166,369,121,325,103,289,129,297,174,246,169,187,165,149,163,117,212,243,165,252,157,299,168,322,246,256,198,270,189,308,197,326,276,277,239,276,225,301,227,317
200,228,394,176,374,131,329,115,291,143,300,184,252,181,192,178,153,176,120,223,247,176,260,169,305,182,326,257,260,210,275,203,313,212,329,287,281,250,282,238,307,241,323
201,228,394,176,374,131,329,115,291,143,300,184,252,181,192,178,153,176,120,223,247,176,260,169,305,182,326,257,260,210,275,203,313,212,329,287,281,250,282,238,307,241,323
202,234,396,185,375,142,330,129,295,159,304,196,254,196,193,193,155,192,122,234,251,190,262,181,307,192,329,267,264,222,278,214,317,223,333,298,285,263,284,250,310,254,325
203,234,396,185,375,142,330,129,295,159,304,196,254,196,193,193,155,192,122,234,251,190,262,181,307,192,329,267,264,222,278,214,317,223,333,298,285,263,284,250,310,254,325
204,242,396,195,374,154,332,141,300,171,306,207,253,208,195,207,158,208,126,245,251,201,259,190,306,199,327,278,265,233,279,223,319,231,334,309,287,274,286,260,312,263,327
205,242,396,195,374,154,332,141,300,171,306,207,253,208,195,207,158,208,126,245,251,201,259,190,306,199,327,278,265,233,279,223,319,231,334,309,287,274,286,260,312,263,327
206,257,391,213,371,172,332,158,299,187,304,223,250,221,193,220,156,222,123,260,248,214,257,205,304,215,321,292,260,247,275,239,315,246,328,323,280,288,280,274,308,277,321
207,257,391,213,371,172,332,158,299,187,304,223,250,221,193,220,156,222,123,260,248,214,257,205,304,215,321,292,260,247,275,239,315,246,328,323,280,288,280,274,308,277,321
208,255,390,211,372,170,331,157,299,186,303,221,251,221,191,220,155,221,122,258,249,215,259,207,305,217,319,291,262,248,275,239,315,248,327,322,283,291,279,275,306,278,320
209,255,390,211,372,170,331,157,299,186,303,221,251,221,191,220,155,221,122,258,249,215,259,207,305,217,319,291,262,248,275,239,315,248,327,322,283,291,279,275,306,278,320
210,261,388,218,369,178,328,167,294,195,299,229,249,229,189,229,152,230,119,267,248,226,253,216,300,225,321,299,261,259,272,248,312,255,327,331,282,300,278,285,304,287,318
211,261,388,218,369,178,328,167,294,195,299,229,249,229,189,229,152,230,119,267,248,226,253,216,300,225,321,299,261,259,272,248,312,255,327,331,282,300,278,285,304,287,318
212,266,387,224,368,185,327,176,293,206,297,236,248,239,188,238,151,239,118,274,248,235,252,224,299,232,320,306,261,266,272,256,312,262,327,337,282,308,277,294,302,296,316
213,266,387,224,368,185,327,176,293,206,297,236,248,239,188,238,151,239,118,274,248,235,252,224,299,232,320,306,261,266,272,256,312,262,327,337,282,308,277,294,302,296,316
214,273,388,229,367,191,327,181,294,212,296,241,248,244,189,244,153,245,120,279,247,243,252,233,299,238,323,312,261,273,273,264,313,267,332,343,281,313,278,298,304,297,320
215,273,388,229,367,191,327,181,294,212,296,241,248,244,189,244,153,245,120,279,247,243,252,233,299,238,323,312,261,273,273,264,313,267,332,343,281,313,278,298,304,297,320
216,278,388,235,367,198,328,189,295,218,297,246,249,249,190,248,154,250,122,285,248,251,253,239,299,244,322,318,262,281,272,271,312,276,329,349,282,321,278,307,304,309,318
217,278,388,235,367,198,328,189,295,218,297,246,249,249,190,248,154,250,122,285,248,251,253,239,299,244,322,318,262,281,272,271,312,276,329,349,282,321,278,307,304,309,318
218,283,389,241,368,205,327,199,295,228,299,254,251,257,192,257,156,257,125,292,251,260,254,248,299,253,323,325,265,290,273,280,312,284,328,356,285,330,279,318,303,321,316
219,283,389,241,368,205,327,199,295,228,299,254,251,257,192,257,156,257,125,292,251,260,254,248,299,253,323,325,265,290,273,280,312,284,328,356,285,330,279,318,303,321,316
220,290,390,249,369,211,328,207,296,240,302,261,251,266,194,267,159,268,128,300,252,269,256,258,302,262,323,333,266,300,276,289,315,294,329,364,287,339,282,327,307,331,319
221,290,390,249,369,211,328,207,296,240,302,261,251,266,194,267,159,268,128,300,252,269,256,258,302,262,323,333,266,300,276,289,315,294,329,364,287,339,282,327,307,331,319
222,299,393,258,373,221,333,215,302,250,307,269,255,275,199,276,165,279,135,308,255,278,262,267,307,271,326,341,269,310,281,299,319,305,332,373,290,349,286,338,311,342,322
223,299,393,258,373,221,333,215,302,250,307,269,255,275,199,276,165,279,135,308,255,278,262,267,307,271,326,341,269,310,281,299,319,305,332,373,290,349,286,338,311,342,322
224,308,395,267,376,230,336,225,305,257,311,278,259,284,202,287,168,291,137,317,260,287,264,275,309,280,328,350,274,319,284,308,323,313,337,381,294,358,289,347,315,350,326
225,308,395,267,376,230,336,225,305,257,311,278,259,284,202,287,168,291,137,317,260,287,264,275,309,280,328,350,274,319,284,308,323,313,337,381,294,358,289,347,315,350,326
226,314,397,274,377,238,338,234,308,267,314,287,261,292,204,296,170,301,139,326,262,297,267,283,311,286,329,359,276,327,287,316,325,320,338,390,296,366,294,354,319,357,329
227,314,397,274,377,238,338,234,308,267,314,287,261,292,204,296,170,301,139,326,262,297,267,283,311,286,329,359,276,327,287,316,325,320,338,390,296,366,294,354,319,357,329
228,323,399,285,379,251,338,250,308,282,316,301,263,306,207,312,173,319,142,340,265,312,269,299,313,300,331,373,280,343,290,330,328,332,340,403,301,383,296,369,321,371,331
229,323,399,285,379,251,338,250,308,282,316,301,263,306,207,312,173,319,142,340,265,312,269,299,313,300,331,373,280,343,290,330,328,332,340,403,301,383,296,369,321,371,331
230,331,398,291,380,256,340,254,311,290,319,305,264,312,207,318,173,326,141,345,265,319,271,305,316,306,334,379,280,351,292,336,329,338,341,409,301,391,298,377,321,377,331
231,331,398,291,380,256,340,254,311,290,319,305,264,312,207,318,173,326,141,345,265,319,271,305,316,306,334,379,280,351,292,336,329,338,341,409,301,391,298,377,321,377,331
232,331,398,290,380,256,340,254,309,289,316,306,264,313,207,319,173,326,142,345,265,319,271,306,315,309,333,379,280,351,293,337,330,339,340,409,301,390,299,377,322,379,330
233,331,398,290,380,256,340,254,309,289,316,306,264,313,207,319,173,326,142,345,265,319,271,306,315,309,333,379,280,351,293,337,330,339,340,409,301,390,299,377,322,379,330
234,336,398,296,381,260,340,260,311,296,318,310,266,317,208,323,175,332,143,349,268,324,271,310,316,312,334,383,283,357,291,341,329,341,342,413,303,399,294,383,317,381,328
235,336,398,296,381,260,340,260,311,296,318,310,266,317,208,323,175,332,143,349,268,324,271,310,316,312,334,383,283,357,291,341,329,341,342,413,303,399,294,383,317,381,328
236,340,397,299,380,264,339,264,311,301,317,313,265,320,208,326,175,334,143,352,265,326,270,314,315,317,331,386,279,360,291,345,329,347,339,417,299,400,295,385,321,385,330
237,340,397,299,380,264,339,264,311,301,317,313,265,320,208,326,175,334,143,352,265,326,270,314,315,317,331,386,279,360,291,345,329,347,339,417,299,400,295,385,321,385,330
238,343,395,303,378,268,337,269,307,304,314,318,263,324,206,329,173,336,141,357,264,332,268,318,313,321,329,390,278,365,289,349,326,352,337,421,298,406,292,390,316,390,327
239,343,395,303,378,268,337,269,307,304,314,318,263,324,206,329,173,336,141,357,264,332,268,318,313,321,329,390,278,365,289,349,326,352,337,421,298,406,292,390,316,390,327
240,349,393,309,376,273,335,275,305,311,312,324,261,330,204,335,171,342,139,363,263,337,267,324,310,326,328,396,277,370,286,355,323,357,336,427,297,411,290,395,314,393,325
241,349,393,309,376,273,335,275,305,311,312,324,261,330,204,335,171,342,139,363,263,337,267,324,310,326,328,396,277,370,286,355,323,357,336,427,297,411,290,395,314,393,325
242,355,391,316,374,281,333,284,303,320,309,330,259,336,203,342,170,349,138,369,261,345,265,331,309,333,325,402,275,378,284,363,321,365,332,434,295,419,286,404,310,403,321
243,355,391,316,374,281,333,284,303,320,309,330,259,336,203,342,170,349,138,369,261,345,265,331,309,333,325,402,275,378,284,363,321,365,332,434,295,419,286,404,310,403,321
244,362,390,323,373,288,331,292,301,328,307,337,259,344,202,349,169,356,137,376,261,352,263,338,307,341,323,409,275,386,281,371,319,374,331,441,295,429,282,413,306,412,318
245,362,390,323,373,288,331,292,301,328,307,337,259,344,202,349,169,356,137,376,261,352,263,338,307,341,323,409,275,386,281,371,319,374,331,441,295,429,282,413,306,412,318
246,371,390,331,372,297,329,302,301,339,308,345,259,351,202,357,168,365,136,383,260,361,262,346,307,349,321,416,275,395,280,379,318,382,328,448,293,438,280,423,305,423,315
247,371,390,331,372,297,329,302,301,339,308,345,259,351,202,357,168,365,136,383,260,361,262,346,307,349,321,416,275,395,280,379,318,382,328,448,293,438,280,423,305,423,315
248,380,390,340,372,305,329,311,301,348,306,352,259,358,201,364,168,372,136,390,261,368,262,354,307,358,320,423,275,403,278,387,317,390,327,454,293,447,277,431,301,430,313
249,380,390,340,372,305,329,311,301,348,306,352,259,358,201,364,168,372,136,390,261,368,262,354,307,358,320,423,275,403,278,387,317,390,327,454,293,447,277,431,301,430,313
250,416,397,377,374,347,329,364,305,404,312,391,266,402,208,410,176,418,143,428,269,423,269,411,310,409,324,461,283,457,284,443,319,439,329,492,301,496,283,482,307,474,320
251,416,397,377,374,347,329,364,305,404,312,391,266,402,208,410,176,418,143,428,269,423,269,411,310,409,324,461,283,457,284,443,319,439,329,492,301,496,283,482,307,474,320
252,423,398,386,376,359,331,376,308,415,316,405,268,415,210,426,178,436,146,440,273,435,272,421,310,415,326,471,289,468,287,452,322,445,337,500,307,511,285,497,305,489,319
253,423,398,386,376,359,331,376,308,415,316,405,268,415,210,426,178,436,146,440,273,435,272,421,310,415,326,471,289,468,287,452,322,445,337,500,307,511,285,497,305,489,319
254,431,397,395,377,367,331,384,309,424,317,412,267,424,212,435,180,447,149,450,270,441,273,426,312,422,326,482,285,475,289,457,324,452,335,512,304,516,289,499,313,491,326
255,431,397,395,377,367,331,384,309,424,317,412,267,424,212,435,180,447,149,450,270,441,273,426,312,422,326,482,285,475,289,457,324,452,335,512,304,516,289,499,313,491,326
256,432,397,397,376,372,332,391,313,431,320,417,266,430,213,442,183,454,151,455,271,448,276,431,315,426,325,487,286,482,291,462,326,456,334,516,306,523,289,506,313,496,326
257,432,397,397,376,372,332,391,313,431,320,417,266,430,213,442,183,454,151,455,271,448,276,431,315,426,325,487,286,482,291,462,326,456,334,516,306,523,289,506,313,496,326
258,434,397,399,376,374,334,393,312,434,318,419,266,434,212,446,182,459,151,457,271,450,277,433,317,429,325,488,287,485,290,465,326,460,333,517,306,526,289,507,313,498,325
259,434,397,399,376,374,334,393,312,434,318,419,266,434,212,446,182,459,151,457,271,450,277,433,317,429,325,488,287,485,290,465,326,460,333,517,306,526,289,507,313,498,325
260,432,395,398,375,373,332,392,311,432,318,420,266,434,212,447,181,460,150,456,271,450,276,433,316,429,325,487,286,485,290,464,326,459,334,516,305,526,288,507,312,497,325
261,432,395,398,375,373,332,392,311,432,318,420,266,434,212,447,181,460,150,456,271,450,276,433,316,429,325,487,286,485,290,464,326,459,334,516,305,526,288,507,312,497,325
262,429,395,394,373,370,329,391,306,430,316,418,265,433,211,445,180,458,149,454,270,449,274,431,313,428,326,485,286,483,288,461,323,456,335,513,306,524,287,506,307,496,321
263,429,395,394,373,370,329,391,306,430,316,418,265,433,211,445,180,458,149,454,270,449,274,431,313,428,326,485,286,483,288,461,323,456,335,513,306,524,287,506,307,496,321
264,426,394,390,372,366,327,387,305,425,316,414,266,430,210,442,179,454,148,451,271,445,273,428,312,424,326,482,286,480,287,459,322,453,335,510,305,520,285,503,306,494,320
265,426,394,390,372,366,327,387,305,425,316,414,266,430,210,442,179,454,148,451,271,445,273,428,312,424,326,482,286,480,287,459,322,453,335,510,305,520,285,503,306,494,320
266,421,394,384,372,360,326,381,303,419,314,407,265,423,209,435,177,447,146,444,270,441,270,424,310,420,323,475,285,475,285,455,320,449,333,504,304,514,283,498,305,489,319
267,421,394,384,372,360,326,381,303,419,314,407,265,423,209,435,177,447,146,444,270,441,270,424,310,420,323,475,285,475,285,455,320,449,333,504,304,514,283,498,305,489,319
268,414,393,377,371,351,325,371,300,410,310,400,263,415,206,426,174,439,143,436,269,432,267,416,308,414,323,467,284,466,282,447,318,443,330,497,303,507,281,490,302,482,316
269,414,393,377,371,351,325,371,300,410,310,400,263,415,206,426,174,439,143,436,269,432,267,416,308,414,323,467,284,466,282,447,318,443,330,497,303,507,281,490,302,482,316
270,407,393,369,371,340,325,358,297,397,305,390,262,406,204,417,172,428,140,427,267,421,263,405,304,403,321,458,282,456,279,437,314,433,328,488,302,498,277,482,298,474,312
271,407,393,369,371,340,325,358,297,397,305,390,262,406,204,417,172,428,140,427,267,421,263,405,304,403,321,458,282,456,279,437,314,433,328,488,302,498,277,482,298,474,312
272,387,389,344,369,311,322,326,291,369,298,365,256,376,197,387,163,399,130,404,258,391,258,377,301,377,313,436,272,424,277,409,313,408,321,468,291,465,274,451,299,447,310
273,387,389,344,369,311,322,326,291,369,298,365,256,376,197,387,163,399,130,404,258,391,258,377,301,377,313,436,272,424,277,409,313,408,321,468,291,465,274,451,299,447,310
274,387,389,344,368,311,319,326,288,367,300,365,256,377,197,388,163,399,130,403,259,390,258,375,300,373,316,435,273,424,275,407,312,404,323,467,292,466,272,451,295,446,308
275,387,389,344,368,311,319,326,288,367,300,365,256,377,197,388,163,399,130,403,259,390,258,375,300,373,316,435,273,424,275,407,312,404,323,467,292,466,272,451,295,446,308
276,371,388,328,365,294,316,307,284,348,294,351,252,362,193,371,159,382,127,391,255,375,252,359,297,359,316,424,270,408,271,391,309,390,323,456,291,452,271,435,293,430,306
277,371,388,328,365,294,316,307,284,348,294,351,252,362,193,371,159,382,127,391,255,375,252,359,297,359,316,424,270,408,271,391,309,390,323,456,291,452,271,435,293,430,306
278,358,387,315,365,280,315,290,281,328,292,337,250,347,189,355,155,364,121,376,251,356,250,343,296,345,316,409,264,390,268,376,306,377,320,441,284,433,269,418,292,417,305
279,358,387,315,365,280,315,290,281,328,292,337,250,347,189,355,155,364,121,376,251,356,250,343,296,345,316,409,264,390,268,376,306,377,320,441,284,433,269,418,292,417,305
280,343,386,299,363,263,314,271,278,307,290,322,247,331,186,337,151,345,117,361,248,337,247,325,292,329,312,395,260,371,266,358,303,360,318,427,279,411,267,398,291,399,303
281,343,386,299,363,263,314,271,278,307,290,322,247,331,186,337,151,345,117,361,248,337,247,325,292,329,312,395,260,371,266,358,303,360,318,427,279,411,267,398,291,399,303
282,328,386,286,362,250,315,253,281,287,288,306,244,313,182,320,147,328,113,345,244,316,245,306,290,310,311,379,256,348,264,337,303,341,319,411,274,385,267,371,294,373,308
283,328,386,286,362,250,315,253,281,287,288,306,244,313,182,320,147,328,113,345,244,316,245,306,290,310,311,379,256,348,264,337,303,341,319,411,274,385,267,371,294,373,308
284,311,386,271,359,237,314,237,279,268,285,292,242,299,180,304,144,312,112,329,243,297,242,287,287,293,310,362,254,326,261,317,299,322,317,394,273,363,265,349,291,351,306
285,311,386,271,359,237,314,237,279,268,285,292,242,299,180,304,144,312,112,329,243,297,242,287,287,293,310,362,254,326,261,317,299,322,317,394,273,363,265,349,291,351,306
286,299,386,256,361,219,318,216,281,250,284,275,243,280,178,284,142,289,110,313,242,276,241,269,285,276,311,346,252,307,257,299,297,304,317,377,270,346,259,333,284,334,301
287,299,386,256,361,219,318,216,281,250,284,275,243,280,178,284,142,289,110,313,242,276,241,269,285,276,311,346,252,307,257,299,297,304,317,377,270,346,259,333,284,334,301
288,286,386,242,361,204,318,198,283,229,284,260,241,261,178,261,141,263,109,298,240,256,240,250,285,259,310,330,251,287,257,280,297,287,317,360,270,325,263,311,289,312,306
289,286,386,242,361,204,318,198,283,229,284,260,241,261,178,261,141,263,109,298,240,256,240,250,285,259,310,330,251,287,257,280,297,287,317,360,270,325,263,311,289,312,306
290,274,385,229,361,188,318,179,282,209,284,245,240,245,175,243,138,242,104,282,239,237,240,231,287,241,312,313,249,268,255,262,297,268,317,343,268,308,259,293,286,293,303
291,274,385,229,361,188,318,179,282,209,284,245,240,245,175,243,138,242,104,282,239,237,240,231,287,241,312,313,249,268,255,262,297,268,317,343,268,308,259,293,286,293,303
292,257,384,213,360,171,318,158,281,187,284,226,239,230,176,227,140,226,107,262,238,218,242,213,289,224,311,294,248,250,257,245,298,254,314,325,266,288,260,276,288,280,303
293,257,384,213,360,171,318,158,281,187,284,226,239,230,176,227,140,226,107,262,238,218,242,213,289,224,311,294,248,250,257,245,298,254,314,325,266,288,260,276,288,280,303
294,229,382,179,362,133,317,116,278,147,279,192,237,192,171,188,135,187,101,230,235,181,241,175,288,189,308,262,245,214,253,207,296,218,313,294,264,256,255,240,283,242,302
295,229,382,179,362,133,317,116,278,147,279,192,237,192,171,188,135,187,101,230,235,181,241,175,288,189,308,262,245,214,253,207,296,218,313,294,264,256,255,240,283,242,302
296,196,377,145,356,99,314,75,275,99,272,154,231,145,166,137,130,134,97,190,229,134,231,128,282,143,303,222,238,167,245,161,291,173,310,253,256,211,247,195,276,195,294
297,196,377,145,356,99,314,75,275,99,272,154,231,145,166,137,130,134,97,190,229,134,231,128,282,143,303,222,238,167,245,161,291,173,310,253,256,211,247,195,276,195,294
298,184,374,131,355,83,309,59,270,85,272,140,231,131,163,123,127,119,93,176,230,118,230,112,282,130,303,207,240,153,243,146,290,160,308,239,257,203,243,184,268,183,285
299,184,374,131,355,83,309,59,270,85,272,140,231,131,163,123,127,119,93,176,230,118,230,112,282,130,303,207,240,153,243,146,290,160,308,239,257,203,243,184,268,183,285
300,175,372,121,354,74,308,49,270,72,271,131,229,122,161,113,124,107,90,167,227,109,228,104,281,121,303,199,237,144,242,138,290,151,309,230,253,191,242,173,269,173,287
301,175,372,121,354,74,308,49,270,72,271,131,229,122,161,113,124,107,90,167,227,109,228,104,281,121,303,199,237,144,242,138,290,151,309,230,253,191,242,173,269,173,287
302,167,370,113,352,66,306,40,269,63,270,122,226,115,159,104,123,97,90,158,225,99,224,94,278,111,298,189,235,134,239,128,287,143,305,220,251,180,239,162,268,164,285
303,167,370,113,352,66,306,40,269,63,270,122,226,115,159,104,123,97,90,158,225,99,224,94,278,111,298,189,235,134,239,128,287,143,305,220,251,180,239,162,268,164,285
304,162,368,108,350,61,305,33,268,55,269,118,224,109,158,97,122,90,89,154,222,92,223,87,277,105,296,185,232,127,238,121,286,138,302,215,248,173,238,156,267,161,284
305,162,368,108,350,61,305,33,268,55,269,118,224,109,158,97,122,90,89,154,222,92,223,87,277,105,296,185,232,127,238,121,286,138,302,215,248,173,238,156,267,161,284
306,163,368,107,350,59,305,31,269,52,270,115,223,105,157,93,119,85,86,150,222,89,221,84,275,102,295,181,231,124,236,119,284,135,300,211,247,170,237,152,266,156,283
307,163,368,107,350,59,305,31,269,52,270,115,223,105,157,93,119,85,86,150,222,89,221,84,275,102,295,181,231,124,236,119,284,135,300,211,247,170,237,152,266,156,283
308,162,368,106,350,59,307,33,269,53,268,113,224,104,158,92,120,84,87,149,222,90,222,85,276,102,295,181,232,126,236,120,284,134,300,211,247,172,234,155,262,158,280
309,162,368,106,350,59,307,33,269,53,268,113,224,104,158,92,120,84,87,149,222,90,222,85,276,102,295,181,232,126,236,120,284,134,300,211,247,172,234,155,262,158,280
310,163,367,108,349,61,307,34,269,55,268,114,224,104,158,92,120,85,86,149,222,91,221,85,275,101,296,181,231,127,235,120,282,134,301,212,246,174,233,156,261,158,280
311,163,367,108,349,61,307,34,269,55,268,114,224,104,158,92,120,85,86,149,222,91,221,85,275,101,296,181,231,127,235,120,282,134,301,212,246,174,233,156,261,158,280
312,165,367,110,349,63,305,37,266,58,266,115,224,106,157,94,119,86,86,151,222,95,220,89,274,104,294,182,231,130,235,122,283,135,300,213,246,176,232,158,261,160,279
313,165,367,110,349,63,305,37,266,58,266,115,224,106,157,94,119,86,86,151,222,95,220,89,274,104,294,182,231,130,235,122,283,135,300,213,246,176,232,158,261,160,279
314,174,367,117,348,68,303,44,265,68,269,122,225,111,158,100,121,93,88,157,223,103,223,97,277,113,298,189,233,138,235,131,283,143,302,221,249,190,231,170,254,168,271
315,174,367,117,348,68,303,44,265,68,269,122,225,111,158,100,121,93,88,157,223,103,223,97,277,113,298,189,233,138,235,131,283,143,302,221,249,190,231,170,254,168,271
316,179,367,122,349,74,305,48,266,73,268,127,224,116,158,105,120,98,86,162,222,107,222,102,276,118,297,194,231,143,235,136,282,147,301,226,246,191,231,174,256,175,274
317,179,367,122,349,74,305,48,266,73,268,127,224,116,158,105,120,98,86,162,222,107,222,102,276,118,297,194,231,143,235,136,282,147,301,226,246,191,231,174,256,175,274
318,177,366,122,349,75,306,48,268,71,267,126,224,116,157,106,119,99,85,162,222,108,222,103,275,118,296,194,231,143,235,137,282,148,301,226,246,191,231,174,256,174,274
319,177,366,122,349,75,306,48,268,71,267,126,224,116,157,106,119,99,85,162,222,108,222,103,275,118,296,194,231,143,235,137,282,148,301,226,246,191,231,174,256,174,274
320,182,368,126,350,78,305,53,265,76,266,130,225,120,158,110,120,104,86,166,222,111,223,106,276,122,296,198,231,147,235,140,283,152,301,230,247,196,231,179,256,179,273
321,182,368,126,350,78,305,53,265,76,266,130,225,120,158,110,120,104,86,166,222,111,223,106,276,122,296,198,231,147,235,140,283,152,301,230,247,196,231,179,256,179,273
322,186,368,130,349,83,305,57,265,80,267,133,223,123,158,113,120,108,86,169,221,116,222,111,275,126,297,202,231,151,236,144,283,155,302,234,248,199,234,183,258,184,274
323,186,368,130,349,83,305,57,265,80,267,133,223,123,158,113,120,108,86,169,221,116,222,111,275,126,297,202,231,151,236,144,283,155,302,234,248,199,234,183,258,184,274
324,190,370,135,351,86,306,60,266,85,267,136,225,126,159,117,121,113,88,172,222,119,223,114,276,130,296,205,232,155,235,147,283,159,302,238,248,205,233,187,259,187,277
325,190,370,135,351,86,306,60,266,85,267,136,225,126,159,117,121,113,88,172,222,119,223,114,276,130,296,205,232,155,235,147,283,159,302,238,248,205,233,187,259,187,277
326,194,371,139,353,90,307,64,268,88,269,140,225,129,160,121,122,116,89,176,222,122,224,118,278,134,298,209,232,158,236,151,285,162,304,242,248,208,233,190,260,190,279
327,194,371,139,353,90,307,64,268,88,269,140,225,129,160,121,122,116,89,176,222,122,224,118,278,134,298,209,232,158,236,151,285,162,304,242,248,208,233,190,260,190,279
328,197,373,143,354,94,309,67,269,91,270,143,227,132,162,124,125,120,91,179,224,126,225,122,279,137,300,212,234,162,239,155,286,166,306,245,250,211,234,194,261,193,280
329,197,373,143,354,94,309,67,269,91,270,143,227,132,162,124,125,120,91,179,224,126,225,122,279,137,300,212,234,162,239,155,286,166,306,245,250,211,234,194,261,193,280
330,200,375,145,356,95,310,70,270,95,272,146,228,136,164,127,127,122,94,182,226,130,227,125,281,141,301,216,236,166,240,158,288,170,307,249,252,215,238,198,264,198,283
331,200,375,145,356,95,310,70,270,95,272,146,228,136,164,127,127,122,94,182,226,130,227,125,281,141,301,216,236,166,240,158,288,170,307,249,252,215,238,198,264,198,283
332,205,376,150,358,101,312,74,272,99,273,149,230,139,166,131,129,127,96,186,228,135,229,130,281,145,302,219,237,169,243,162,289,173,309,252,254,217,242,201,269,203,287
333,205,376,150,358,101,312,74,272,99,273,149,230,139,166,131,129,127,96,186,228,135,229,130,281,145,302,219,237,169,243,162,289,173,309,252,254,217,242,201,269,203,287
334,209,378,154,358,104,312,79,273,105,276,155,231,145,168,137,131,133,98,192,227,142,233,137,285,151,305,226,237,176,247,168,293,178,311,258,255,221,248,206,276,207,294
335,209,378,154,358,104,312,79,273,105,276,155,231,145,168,137,131,133,98,192,227,142,233,137,285,151,305,226,237,176,247,168,293,178,311,258,255,221,248,206,276,207,294
336,223,380,170,358,121,313,98,274,127,280,174,235,166,171,159,134,153,101,212,232,162,238,157,285,169,309,245,244,196,252,189,294,197,315,278,262,244,252,227,273,223,288
337,223,380,170,358,121,313,98,274,127,280,174,235,166,171,159,134,153,101,212,232,162,238,157,285,169,309,245,244,196,252,189,294,197,315,278,262,244,252,227,273,223,288
338,236,381,185,360,137,315,116,275,146,280,191,236,187,171,180,133,175,100,230,233,180,243,175,289,189,310,263,245,213,256,207,296,217,315,293,264,255,260,241,285,243,302
339,236,381,185,360,137,315,116,275,146,280,191,236,187,171,180,133,175,100,230,233,180,243,175,289,189,310,263,245,213,256,207,296,217,315,293,264,255,260,241,285,243,302
340,254,383,204,358,159,317,141,280,170,284,211,236,206,173,201,137,198,104,249,234,199,239,193,285,208,305,281,246,231,257,226,297,237,314,312,266,270,263,259,290,265,306
341,254,383,204,358,159,317,141,280,170,284,211,236,206,173,201,137,198,104,249,234,199,239,193,285,208,305,281,246,231,257,226,297,237,314,312,266,270,263,259,290,265,306
342,253,384,205,361,160,318,145,279,174,282,209,238,207,175,202,137,199,104,247,236,202,241,197,286,210,306,279,247,234,256,229,297,240,313,311,265,272,263,262,291,268,307
343,253,384,205,361,160,318,145,279,174,282,209,238,207,175,202,137,199,104,247,236,202,241,197,286,210,306,279,247,234,256,229,297,240,313,311,265,272,263,262,291,268,307
344,274,384,228,359,186,319,169,283,196,283,237,238,234,175,228,140,224,108,273,237,228,238,223,282,237,302,304,248,256,256,252,296,263,314,333,266,294,262,283,289,286,304
345,274,384,228,359,186,319,169,283,196,283,237,238,234,175,228,140,224,108,273,237,228,238,223,282,237,302,304,248,256,256,252,296,263,314,333,266,294,262,283,289,286,304
346,290,383,245,358,206,318,192,283,221,283,256,239,250,176,244,140,241,107,293,238,247,237,241,283,255,302,325,250,277,257,271,297,281,313,354,269,316,265,302,293,304,308
347,290,383,245,358,206,318,192,283,221,283,256,239,250,176,244,140,241,107,293,238,247,237,241,283,255,302,325,250,277,257,271,297,281,313,354,269,316,265,302,293,304,308
348,310,387,266,357,228,313,218,276,249,278,279,242,276,184,272,150,270,121,314,242,277,238,270,280,278,305,346,252,306,256,299,295,304,316,377,270,344,261,330,284,329,299
349,310,387,266,357,228,313,218,276,249,278,279,242,276,184,272,150,270,121,314,242,277,238,270,280,278,305,346,252,306,256,299,295,304,316,377,270,344,261,330,284,329,299
350,324,381,281,355,246,308,241,271,272,280,301,238,300,178,301,142,306,111,336,239,302,237,293,280,302,302,368,250,330,255,321,294,328,313,399,268,366,259,352,284,354,299
351,324,381,281,355,246,308,241,271,272,280,301,238,300,178,301,142,306,111,336,239,302,237,293,280,302,302,368,250,330,255,321,294,328,313,399,268,366,259,352,284,354,299
352,349,380,302,356,261,307,260,269,297,281,318,241,319,179,322,144,326,111,356,241,327,238,318,282,325,305,389,252,357,257,347,295,352,313,420,269,396,257,384,281,385,295
353,349,380,302,356,261,307,260,269,297,281,318,241,319,179,322,144,326,111,356,241,327,238,318,282,325,305,389,252,357,257,347,295,352,313,420,269,396,257,384,281,385,295
354,364,378,320,354,281,308,281,274,316,286,334,242,335,182,339,146,344,113,371,242,347,240,337,283,341,306,404,254,377,260,366,296,370,312,435,271,416,262,405,283,407,294
355,364,378,320,354,281,308,281,274,316,286,334,242,335,182,339,146,344,113,371,242,347,240,337,283,341,306,404,254,377,260,366,296,370,312,435,271,416,262,405,283,407,294
356,376,377,333,354,296,310,300,281,337,292,345,242,347,187,351,153,355,121,384,241,364,243,355,284,356,306,417,253,393,262,383,296,383,312,448,271,430,263,420,283,420,294
357,376,377,333,354,296,310,300,281,337,292,345,242,347,187,351,153,355,121,384,241,364,243,355,284,356,306,417,253,393,262,383,296,383,312,448,271,430,263,420,283,420,294
358,387,373,347,355,309,315,311,287,350,294,355,243,358,189,363,157,368,125,393,242,373,247,364,290,365,302,427,254,406,264,394,301,394,310,459,273,445,265,434,289,434,297
359,387,373,347,355,309,315,311,287,350,294,355,243,358,189,363,157,368,125,393,242,373,247,364,290,365,302,427,254,406,264,394,301,394,310,459,273,445,265,434,289,434,297
360,404,372,364,356,327,318,335,292,379,295,373,245,377,190,384,157,390,125,411,244,396,249,387,291,388,304,444,257,429,265,417,301,417,309,476,274,470,264,458,288,455,297
361,404,372,364,356,327,318,335,292,379,295,373,245,377,190,384,157,390,125,411,244,396,249,387,291,388,304,444,257,429,265,417,301,417,309,476,274,470,264,458,288,455,297
362,413,373,373,356,339,315,350,291,393,299,386,247,392,192,400,160,407,128,423,247,411,249,401,290,402,303,455,260,445,263,432,298,431,307,485,278,487,261,474,284,469,296
363,413,373,373,356,339,315,350,291,393,299,386,247,392,192,400,160,407,128,423,247,411,249,401,290,402,303,455,260,445,263,432,298,431,307,485,278,487,261,474,284,469,296
364,417,370,381,355,350,315,362,293,404,300,396,245,405,191,415,160,424,128,433,246,421,250,409,292,409,302,465,260,456,266,441,302,438,310,495,278,497,263,483,287,477,298
365,417,370,381,355,350,315,362,293,404,300,396,245,405,191,415,160,424,128,433,246,421,250,409,292,409,302,465,260,456,266,441,302,438,310,495,278,497,263,483,287,477,298
366,418,370,380,354,349,313,363,292,405,299,396,245,405,191,414,160,423,127,434,248,421,253,409,295,408,304,466,261,457,265,441,303,440,310,497,279,497,262,482,289,478,300
367,418,370,380,354,349,313,363,292,405,299,396,245,405,191,414,160,423,127,434,248,421,253,409,295,408,304,466,261,457,265,441,303,440,310,497,279,497,262,482,289,478,300
368,420,369,384,354,355,315,366,293,408,299,400,244,411,192,422,162,433,131,438,247,426,251,414,293,414,303,470,261,461,264,445,302,442,310,500,280,502,263,485,289,478,301
369,420,369,384,354,355,315,366,293,408,299,400,244,411,192,422,162,433,131,438,247,426,251,414,293,414,303,470,261,461,264,445,302,442,310,500,280,502,263,485,289,478,301
370,418,369,380,353,352,313,365,291,405,298,400,244,411,191,422,161,434,130,436,246,426,252,413,293,413,303,468,260,461,265,444,301,442,309,498,278,501,261,485,286,478,298
371,418,369,380,353,352,313,365,291,405,298,400,244,411,191,422,161,434,130,436,246,426,252,413,293,413,303,468,260,461,265,444,301,442,309,498,278,501,261,485,286,478,298
372,393,358,354,343,321,303,330,274,367,279,370,234,381,178,391,147,402,116,408,234,396,237,384,280,383,291,440,247,432,253,415,289,412,294,472,265,471,253,456,277,450,285
373,393,358,354,343,321,303,330,274,367,279,370,234,381,178,391,147,402,116,408,234,396,237,384,280,383,291,440,247,432,253,415,289,412,294,472,265,471,253,456,277,450,285
374,384,348,347,333,313,292,317,264,352,271,364,226,376,169,385,137,394,107,402,228,388,227,375,270,374,284,434,241,424,243,408,278,406,285,466,259,462,245,447,269,444,278
375,384,348,347,333,313,292,317,264,352,271,364,226,376,169,385,137,394,107,402,228,388,227,375,270,374,284,434,241,424,243,408,278,406,285,466,259,462,245,447,269,444,278
376,372,339,335,322,302,281,306,252,340,260,356,217,367,160,375,126,384,96,392,220,382,215,368,257,366,275,424,232,415,232,399,266,395,277,454,250,453,233,437,257,432,268
377,372,339,335,322,302,281,306,252,340,260,356,217,367,160,375,126,384,96,392,220,382,215,368,257,366,275,424,232,415,232,399,266,395,277,454,250,453,233,437,257,432,268
378,350,321,310,301,274,260,271,228,301,234,331,197,338,141,343,107,349,77,367,199,346,196,334,236,337,256,397,213,377,212,362,245,363,260,426,231,414,215,398,236,394,250
379,350,321,310,301,274,260,271,228,301,234,331,197,338,141,343,107,349,77,367,199,346,196,334,236,337,256,397,213,377,212,362,245,363,260,426,231,414,215,398,236,394,250
380,335,314,295,297,257,255,248,222,277,225,315,191,319,134,321,101,325,70,349,191,319,185,308,228,314,248,378,203,351,199,338,236,342,251,407,220,390,202,375,226,375,241
381,335,314,295,297,257,255,248,222,277,225,315,191,319,134,321,101,325,70,349,191,319,185,308,228,314,248,378,203,351,199,338,236,342,251,407,220,390,202,375,226,375,241
382,318,313,278,293,239,250,227,215,253,219,297,187,299,131,299,99,302,70,331,187,296,178,285,221,293,242,361,197,329,192,316,230,322,247,390,214,372,195,356,219,357,235
383,318,313,278,293,239,250,227,215,253,219,297,187,299,131,299,99,302,70,331,187,296,178,285,221,293,242,361,197,329,192,316,230,322,247,390,214,372,195,356,219,357,235
384,319,314,278,295,237,249,226,213,252,222,296,188,300,132,299,99,301,70,330,188,297,179,286,221,294,241,360,198,331,193,318,230,324,246,389,214,374,193,361,215,363,231
385,319,314,278,295,237,249,226,213,252,222,296,188,300,132,299,99,301,70,330,188,297,179,286,221,294,241,360,198,331,193,318,230,324,246,389,214,374,193,361,215,363,231
386,299,308,260,291,221,251,210,218,238,220,274,183,275,125,272,91,270,62,307,184,273,172,262,212,271,233,336,194,308,185,296,221,303,238,365,210,352,187,341,208,342,224
387,299,308,260,291,221,251,210,218,238,220,274,183,275,125,272,91,270,62,307,184,273,172,262,212,271,233,336,194,308,185,296,221,303,238,365,210,352,187,341,208,342,224
388,282,302,242,287,202,251,189,221,212,219,249,178,245,117,241,82,240,51,283,178,246,169,239,213,251,234,313,186,279,181,269,219,277,238,342,201,319,185,303,210,304,226
389,282,302,242,287,202,251,189,221,212,219,249,178,245,117,241,82,240,51,283,178,246,169,239,213,251,234,313,186,279,181,269,219,277,238,342,201,319,185,303,210,304,226
390,261,304,220,285,180,252,164,228,177,221,232,175,225,118,217,85,212,57,262,175,220,170,213,209,226,230,289,182,249,179,240,214,250,232,317,196,287,183,270,206,272,223
391,261,304,220,285,180,252,164,228,177,221,232,175,225,118,217,85,212,57,262,175,220,170,213,209,226,230,289,182,249,179,240,214,250,232,317,196,287,183,270,206,272,223
392,243,305,197,284,153,249,129,224,137,215,208,174,197,118,185,85,176,57,238,172,191,165,183,207,196,230,265,177,220,174,212,213,223,233,294,189,259,177,244,202,247,219
393,243,305,197,284,153,249,129,224,137,215,208,174,197,118,185,85,176,57,238,172,191,165,183,207,196,230,265,177,220,174,212,213,223,233,294,189,259,177,244,202,247,219
394,220,301,171,280,125,246,97,220,106,212,181,170,170,111,157,78,147,49,211,169,160,165,152,209,166,230,239,176,190,172,184,212,197,230,267,188,229,171,215,197,220,215
395,220,301,171,280,125,246,97,220,106,212,181,170,170,111,157,78,147,49,211,169,160,165,152,209,166,230,239,176,190,172,184,212,197,230,267,188,229,171,215,197,220,215
396,198,301,147,282,99,248,70,218,92,213,153,172,143,105,127,72,113,43,184,172,133,164,129,212,145,236,213,180,165,171,160,214,173,236,242,193,208,168,190,193,188,213
397,198,301,147,282,99,248,70,218,92,213,153,172,143,105,127,72,113,43,184,172,133,164,129,212,145,236,213,180,165,171,160,214,173,236,242,193,208,168,190,193,188,213
398,183,304,130,289,82,253,53,221,73,218,130,175,115,110,100,76,89,45,162,175,110,167,107,217,124,242,192,182,143,175,140,220,154,242,223,195,191,170,171,191,167,208
399,183,304,130,289,82,253,53,221,73,218,130,175,115,110,100,76,89,45,162,175,110,167,107,217,124,242,192,182,143,175,140,220,154,242,223,195,191,170,171,191,167,208
400,174,307,122,294,74,257,44,226,60,220,122,178,106,111,88,77,76,46,153,177,98,169,95,220,112,245,182,185,134,177,129,222,143,244,213,197,186,170,164,190,157,207
401,174,307,122,294,74,257,44,226,60,220,122,178,106,111,88,77,76,46,153,177,98,169,95,220,112,245,182,185,134,177,129,222,143,244,213,197,186,170,164,190,157,207
