,0,1,2,3,4,5,6,7,8,9,10,11,12,13,14,15,16,17,18,19,20,21,22,23,24,25,26,27,28,29,30,31,32,33,34,35,36,37,38,39,40,41
0,1736,878,1586,957,1471,959,1383,931,1307,904,1454,882,1347,865,1295,866,1261,870,1498,811,1368,735,1275,703,1195,672,1557,758,1468,669,1376,634,1300,600,1620,721,1608,631,1591,568,1575,516
1,1736,878,1586,957,1471,959,1383,931,1307,904,1454,882,1347,865,1295,866,1261,870,1498,811,1368,735,1275,703,1195,672,1557,758,1468,669,1376,634,1300,600,1620,721,1608,631,1591,568,1575,516
2,1730,891,1587,967,1465,965,1374,941,1290,923,1449,858,1363,809,1316,774,1270,750,1502,797,1389,732,1307,697,1227,669,1572,752,1484,681,1401,645,1329,616,1652,725,1641,637,1623,576,1600,524
3,1730,891,1587,967,1465,965,1374,941,1290,923,1449,858,1363,809,1316,774,1270,750,1502,797,1389,732,1307,697,1227,669,1572,752,1484,681,1401,645,1329,616,1652,725,1641,637,1623,576,1600,524
4,1737,924,1625,977,1487,966,1384,933,1294,914,1456,863,1330,818,1248,789,1178,765,1500,808,1383,747,1300,711,1229,683,1570,774,1481,696,1408,647,1338,606,1658,760,1642,659,1625,592,1603,534
5,1737,924,1625,977,1487,966,1384,933,1294,914,1456,863,1330,818,1248,789,1178,765,1500,808,1383,747,1300,711,1229,683,1570,774,1481,696,1408,647,1338,606,1658,760,1642,659,1625,592,1603,534
6,1753,931,1631,984,1491,972,1387,941,1295,917,1455,873,1326,826,1246,797,1176,772,1500,816,1382,748,1299,711,1227,681,1571,781,1479,696,1407,645,1337,602,1659,767,1643,666,1624,599,1599,542
7,1753,931,1631,984,1491,972,1387,941,1295,917,1455,873,1326,826,1246,797,1176,772,1500,816,1382,748,1299,711,1227,681,1571,781,1479,696,1407,645,1337,602,1659,767,1643,666,1624,599,1599,542
8,1765,938,1639,992,1500,977,1397,944,1305,921,1456,874,1328,825,1249,796,1181,771,1500,818,1383,748,1302,710,1231,681,1569,786,1478,697,1407,646,1338,602,1656,776,1641,677,1621,609,1595,549
9,1765,938,1639,992,1500,977,1397,944,1305,921,1456,874,1328,825,1249,796,1181,771,1500,818,1383,748,1302,710,1231,681,1569,786,1478,697,1407,646,1338,602,1656,776,1641,677,1621,609,1595,549
10,1779,952,1650,1005,1506,987,1402,952,1311,929,1464,878,1334,828,1253,798,1183,772,1508,823,1389,751,1305,710,1233,678,1576,792,1486,701,1414,647,1344,602,1664,783,1647,683,1626,615,1599,555
11,1779,952,1650,1005,1506,987,1402,952,1311,929,1464,878,1334,828,1253,798,1183,772,1508,823,1389,751,1305,710,1233,678,1576,792,1486,701,1414,647,1344,602,1664,783,1647,683,1626,615,1599,555
12,1793,963,1660,1017,1516,998,1411,962,1318,941,1472,887,1342,838,1260,808,1188,781,1518,831,1400,757,1317,715,1244,681,1588,800,1497,705,1426,650,1357,603,1677,792,1660,691,1638,622,1610,561
13,1793,963,1660,1017,1516,998,1411,962,1318,941,1472,887,1342,838,1260,808,1188,781,1518,831,1400,757,1317,715,1244,681,1588,800,1497,705,1426,650,1357,603,1677,792,1660,691,1638,622,1610,561
14,1801,970,1665,1023,1518,1001,1411,963,1317,940,1479,892,1347,842,1263,813,1191,787,1526,835,1408,760,1326,719,1253,686,1596,805,1507,709,1435,654,1365,608,1685,798,1671,697,1649,628,1620,567
15,1801,970,1665,1023,1518,1001,1411,963,1317,940,1479,892,1347,842,1263,813,1191,787,1526,835,1408,760,1326,719,1253,686,1596,805,1507,709,1435,654,1365,608,1685,798,1671,697,1649,628,1620,567
16,1798,973,1658,1024,1512,1000,1407,961,1315,936,1476,895,1345,845,1262,816,1190,791,1522,837,1407,760,1324,718,1252,686,1592,806,1505,711,1433,656,1362,611,1680,799,1668,701,1645,636,1614,579
17,1798,973,1658,1024,1512,1000,1407,961,1315,936,1476,895,1345,845,1262,816,1190,791,1522,837,1407,760,1324,718,1252,686,1592,806,1505,711,1433,656,1362,611,1680,799,1668,701,1645,636,1614,579
18,1786,960,1651,1010,1509,990,1404,948,1314,916,1472,880,1341,828,1261,799,1192,773,1518,826,1402,747,1322,706,1252,677,1586,798,1499,702,1428,648,1358,604,1672,793,1660,694,1640,628,1613,569
19,1786,960,1651,1010,1509,990,1404,948,1314,916,1472,880,1341,828,1261,799,1192,773,1518,826,1402,747,1322,706,1252,677,1586,798,1499,702,1428,648,1358,604,1672,793,1660,694,1640,628,1613,569
20,1775,932,1644,977,1507,959,1406,925,1316,902,1470,844,1346,789,1268,759,1198,732,1515,793,1407,713,1329,671,1258,641,1583,768,1507,670,1440,614,1371,568,1668,767,1662,669,1645,602,1621,543
21,1775,932,1644,977,1507,959,1406,925,1316,902,1470,844,1346,789,1268,759,1198,732,1515,793,1407,713,1329,671,1258,641,1583,768,1507,670,1440,614,1371,568,1668,767,1662,669,1645,602,1621,543
22,1767,904,1630,946,1494,916,1396,868,1308,832,1464,806,1346,748,1271,715,1204,687,1512,757,1410,678,1334,633,1266,599,1582,736,1508,642,1441,585,1374,537,1668,737,1666,643,1651,580,1627,522
23,1767,904,1630,946,1494,916,1396,868,1308,832,1464,806,1346,748,1271,715,1204,687,1512,757,1410,678,1334,633,1266,599,1582,736,1508,642,1441,585,1374,537,1668,737,1666,643,1651,580,1627,522
24,1755,914,1629,955,1506,944,1418,917,1343,891,1454,815,1339,755,1266,717,1200,686,1502,761,1400,674,1330,628,1265,593,1573,737,1503,636,1444,578,1383,530,1660,740,1656,647,1644,583,1626,526
25,1755,914,1629,955,1506,944,1418,917,1343,891,1454,815,1339,755,1266,717,1200,686,1502,761,1400,674,1330,628,1265,593,1573,737,1503,636,1444,578,1383,530,1660,740,1656,647,1644,583,1626,526
26,1728,909,1598,923,1478,872,1391,820,1311,786,1461,767,1347,706,1278,671,1216,640,1513,721,1412,636,1343,590,1279,556,1584,702,1506,605,1447,546,1386,497,1668,703,1661,615,1651,553,1634,498
27,1728,909,1598,923,1478,872,1391,820,1311,786,1461,767,1347,706,1278,671,1216,640,1513,721,1412,636,1343,590,1279,556,1584,702,1506,605,1447,546,1386,497,1668,703,1661,615,1651,553,1634,498
28,1730,877,1604,890,1484,836,1396,777,1317,736,1470,720,1364,651,1298,613,1237,579,1526,669,1430,576,1362,525,1298,486,1600,649,1536,546,1477,482,1416,427,1684,653,1682,555,1670,486,1649,423
29,1730,877,1604,890,1484,836,1396,777,1317,736,1470,720,1364,651,1298,613,1237,579,1526,669,1430,576,1362,525,1298,486,1600,649,1536,546,1477,482,1416,427,1684,653,1682,555,1670,486,1649,423
30,1745,859,1617,885,1488,834,1400,775,1319,738,1465,713,1359,651,1293,613,1231,577,1521,661,1429,571,1362,518,1296,472,1595,640,1536,540,1481,477,1421,418,1678,647,1681,549,1677,480,1661,416
31,1745,859,1617,885,1488,834,1400,775,1319,738,1465,713,1359,651,1293,613,1231,577,1521,661,1429,571,1362,518,1296,472,1595,640,1536,540,1481,477,1421,418,1678,647,1681,549,1677,480,1661,416
32,1750,861,1616,884,1485,834,1397,778,1316,742,1470,717,1364,653,1298,617,1236,585,1527,663,1436,575,1368,523,1301,479,1600,640,1540,541,1484,478,1421,421,1683,644,1684,545,1676,474,1658,409
33,1750,861,1616,884,1485,834,1397,778,1316,742,1470,717,1364,653,1298,617,1236,585,1527,663,1436,575,1368,523,1301,479,1600,640,1540,541,1484,478,1421,421,1683,644,1684,545,1676,474,1658,409
34,1780,840,1642,866,1509,828,1417,776,1337,737,1496,714,1383,652,1317,615,1256,580,1551,660,1455,577,1388,525,1323,481,1622,637,1558,537,1502,472,1441,411,1705,638,1707,544,1699,475,1681,410
35,1780,840,1642,866,1509,828,1417,776,1337,737,1496,714,1383,652,1317,615,1256,580,1551,660,1455,577,1388,525,1323,481,1622,637,1558,537,1502,472,1441,411,1705,638,1707,544,1699,475,1681,410
36,1799,851,1677,878,1555,859,1470,839,1400,827,1514,720,1403,660,1338,623,1279,590,1567,665,1471,581,1405,533,1340,496,1639,639,1575,539,1523,478,1466,426,1725,640,1726,546,1719,479,1704,417
37,1799,851,1677,878,1555,859,1470,839,1400,827,1514,720,1403,660,1338,623,1279,590,1567,665,1471,581,1405,533,1340,496,1639,639,1575,539,1523,478,1466,426,1725,640,1726,546,1719,479,1704,417
38,1796,862,1686,887,1578,878,1503,872,1441,873,1514,737,1399,685,1330,650,1270,621,1558,688,1456,607,1386,559,1321,523,1625,665,1556,570,1497,510,1439,460,1707,666,1706,570,1695,504,1677,444
39,1796,862,1686,887,1578,878,1503,872,1441,873,1514,737,1399,685,1330,650,1270,621,1558,688,1456,607,1386,559,1321,523,1625,665,1556,570,1497,510,1439,460,1707,666,1706,570,1695,504,1677,444
40,1776,870,1654,890,1537,873,1453,858,1385,852,1500,746,1389,694,1319,661,1258,631,1542,696,1441,613,1370,568,1305,533,1604,671,1536,575,1477,520,1421,475,1681,670,1678,577,1663,514,1643,458
41,1776,870,1654,890,1537,873,1453,858,1385,852,1500,746,1389,694,1319,661,1258,631,1542,696,1441,613,1370,568,1305,533,1604,671,1536,575,1477,520,1421,475,1681,670,1678,577,1663,514,1643,458
42,1778,854,1662,879,1549,870,1470,865,1405,865,1501,737,1388,691,1320,660,1257,633,1541,685,1440,606,1371,561,1305,529,1601,660,1531,564,1472,510,1415,467,1674,661,1672,570,1657,506,1636,448
43,1778,854,1662,879,1549,870,1470,865,1405,865,1501,737,1388,691,1320,660,1257,633,1541,685,1440,606,1371,561,1305,529,1601,660,1531,564,1472,510,1415,467,1674,661,1672,570,1657,506,1636,448
44,1501,1232,1464,1175,1467,1068,1537,993,1602,939,1433,1025,1478,890,1505,832,1513,792,1487,1058,1537,916,1540,847,1533,805,1557,1099,1630,1002,1621,1016,1602,1043,1632,1141,1683,1064,1670,1078,1651,1100
45,1501,1232,1464,1175,1467,1068,1537,993,1602,939,1433,1025,1478,890,1505,832,1513,792,1487,1058,1537,916,1540,847,1533,805,1557,1099,1630,1002,1621,1016,1602,1043,1632,1141,1683,1064,1670,1078,1651,1100
46,1542,1278,1589,1217,1652,1121,1704,1059,1732,1031,1552,1069,1622,968,1676,922,1716,885,1534,1070,1697,1020,1727,1081,1716,1126,1535,1079,1697,1049,1711,1101,1693,1134,1543,1090,1659,1050,1684,1084,1686,1110
47,1542,1278,1589,1217,1652,1121,1704,1059,1732,1031,1552,1069,1622,968,1676,922,1716,885,1534,1070,1697,1020,1727,1081,1716,1126,1535,1079,1697,1049,1711,1101,1693,1134,1543,1090,1659,1050,1684,1084,1686,1110
48,1791,836,1671,884,1540,874,1441,855,1360,853,1515,737,1406,693,1338,663,1277,634,1558,675,1461,600,1393,554,1328,514,1622,640,1550,549,1493,492,1434,440,1698,628,1688,535,1673,469,1650,409
49,1791,836,1671,884,1540,874,1441,855,1360,853,1515,737,1406,693,1338,663,1277,634,1558,675,1461,600,1393,554,1328,514,1622,640,1550,549,1493,492,1434,440,1698,628,1688,535,1673,469,1650,409
50,1832,824,1721,878,1588,884,1483,879,1397,881,1545,737,1431,702,1361,679,1299,654,1586,671,1480,602,1410,557,1347,517,1650,631,1569,545,1509,489,1450,437,1730,613,1709,523,1687,457,1659,396
51,1832,824,1721,878,1588,884,1483,879,1397,881,1545,737,1431,702,1361,679,1299,654,1586,671,1480,602,1410,557,1347,517,1650,631,1569,545,1509,489,1450,437,1730,613,1709,523,1687,457,1659,396
52,1877,807,1772,868,1641,884,1534,888,1445,899,1586,732,1468,700,1395,680,1332,657,1623,661,1510,596,1437,554,1372,516,1685,614,1592,529,1530,476,1467,428,1766,588,1734,498,1707,434,1674,374
53,1877,807,1772,868,1641,884,1534,888,1445,899,1586,732,1468,700,1395,680,1332,657,1623,661,1510,596,1437,554,1372,516,1685,614,1592,529,1530,476,1467,428,1766,588,1734,498,1707,434,1674,374
54,1901,780,1801,852,1679,878,1573,885,1481,901,1628,725,1510,696,1437,677,1373,655,1663,651,1550,586,1477,545,1411,505,1723,602,1631,518,1568,467,1503,419,1802,573,1773,483,1743,420,1706,360
55,1901,780,1801,852,1679,878,1573,885,1481,901,1628,725,1510,696,1437,677,1373,655,1663,651,1550,586,1477,545,1411,505,1723,602,1631,518,1568,467,1503,419,1802,573,1773,483,1743,420,1706,360
56,1930,776,1822,831,1695,837,1588,831,1498,838,1666,698,1543,657,1470,631,1403,603,1713,633,1603,561,1529,523,1456,488,1781,593,1703,503,1641,451,1574,404,1865,574,1851,479,1833,413,1806,352
57,1930,776,1822,831,1695,837,1588,831,1498,838,1666,698,1543,657,1470,631,1403,603,1713,633,1603,561,1529,523,1456,488,1781,593,1703,503,1641,451,1574,404,1865,574,1851,479,1833,413,1806,352
58,1913,731,1918,647,1867,567,1795,527,1736,511,1862,555,1811,490,1765,452,1716,424,1805,597,1710,517,1632,477,1561,447,1758,656,1651,572,1575,527,1510,492,1724,720,1632,683,1565,665,1506,650
59,1913,731,1918,647,1867,567,1795,527,1736,511,1862,555,1811,490,1765,452,1716,424,1805,597,1710,517,1632,477,1561,447,1758,656,1651,572,1575,527,1510,492,1724,720,1632,683,1565,665,1506,650
60,1959,743,1881,702,1822,629,1785,563,1744,515,1788,547,1726,460,1673,409,1624,373,1809,544,1738,450,1675,395,1615,358,1841,555,1774,483,1714,449,1654,429,1882,581,1845,544,1803,524,1760,510
61,1959,743,1881,702,1822,629,1785,563,1744,515,1788,547,1726,460,1673,409,1624,373,1809,544,1738,450,1675,395,1615,358,1841,555,1774,483,1714,449,1654,429,1882,581,1845,544,1803,524,1760,510
62,2007,728,1923,628,1867,538,1810,483,1752,444,1919,466,1845,374,1788,311,1733,264,1939,516,1867,444,1790,399,1717,375,1969,590,1919,541,1860,509,1799,493,1997,678,1978,685,1939,682,1897,684
63,2007,728,1923,628,1867,538,1810,483,1752,444,1919,466,1845,374,1788,311,1733,264,1939,516,1867,444,1790,399,1717,375,1969,590,1919,541,1860,509,1799,493,1997,678,1978,685,1939,682,1897,684
64,2050,706,1973,571,1927,464,1879,394,1836,326,1982,437,1904,344,1848,275,1797,223,1987,494,1896,411,1814,357,1735,326,2006,573,1931,517,1866,473,1796,440,2026,662,1985,668,1938,654,1886,641
65,2050,706,1973,571,1927,464,1879,394,1836,326,1982,437,1904,344,1848,275,1797,223,1987,494,1896,411,1814,357,1735,326,2006,573,1931,517,1866,473,1796,440,2026,662,1985,668,1938,654,1886,641
66,2096,666,2025,532,1965,421,1909,344,1861,271,1984,403,1900,319,1843,254,1796,202,1981,461,1871,395,1789,347,1715,318,1994,544,1897,501,1831,460,1765,426,2009,642,1953,665,1902,655,1852,643
67,2096,666,2025,532,1965,421,1909,344,1861,271,1984,403,1900,319,1843,254,1796,202,1981,461,1871,395,1789,347,1715,318,1994,544,1897,501,1831,460,1765,426,2009,642,1953,665,1902,655,1852,643
68,2130,648,2065,559,2003,505,1929,487,1870,454,1980,427,1899,337,1840,280,1796,235,1971,462,1856,398,1772,347,1704,308,1980,529,1876,497,1807,452,1746,407,1994,614,1921,653,1865,650,1820,641
69,2130,648,2065,559,2003,505,1929,487,1870,454,1980,427,1899,337,1840,280,1796,235,1971,462,1856,398,1772,347,1704,308,1980,529,1876,497,1807,452,1746,407,1994,614,1921,653,1865,650,1820,641
70,2169,625,2100,512,2031,432,1955,381,1882,344,2003,411,1907,318,1844,254,1797,200,1992,473,1877,407,1787,357,1717,315,2002,559,1903,527,1826,488,1764,453,2019,658,1938,682,1878,678,1828,667
71,2169,625,2100,512,2031,432,1955,381,1882,344,2003,411,1907,318,1844,254,1797,200,1992,473,1877,407,1787,357,1717,315,2002,559,1903,527,1826,488,1764,453,2019,658,1938,682,1878,678,1828,667
72,2174,607,2114,483,2028,391,1938,349,1861,313,1988,396,1907,313,1854,260,1809,214,1987,461,1877,408,1796,369,1729,336,2003,549,1908,529,1832,500,1765,475,2026,647,1945,679,1879,683,1824,684
73,2174,607,2114,483,2028,391,1938,349,1861,313,1988,396,1907,313,1854,260,1809,214,1987,461,1877,408,1796,369,1729,336,2003,549,1908,529,1832,500,1765,475,2026,647,1945,679,1879,683,1824,684
74,2205,591,2135,470,2058,390,1974,345,1906,313,2009,405,1917,320,1860,270,1816,222,2001,471,1891,418,1805,379,1736,345,2015,557,1923,540,1841,510,1770,484,2039,652,1956,688,1893,695,1835,696
75,2205,591,2135,470,2058,390,1974,345,1906,313,2009,405,1917,320,1860,270,1816,222,2001,471,1891,418,1805,379,1736,345,2015,557,1923,540,1841,510,1770,484,2039,652,1956,688,1893,695,1835,696
76,2183,626,2136,503,2068,406,2002,343,1944,288,2000,424,1914,342,1861,293,1811,249,1991,492,1886,436,1809,399,1739,367,2005,582,1921,559,1846,529,1776,500,2032,680,1953,708,1892,711,1833,707
77,2183,626,2136,503,2068,406,2002,343,1944,288,2000,424,1914,342,1861,293,1811,249,1991,492,1886,436,1809,399,1739,367,2005,582,1921,559,1846,529,1776,500,2032,680,1953,708,1892,711,1833,707
78,2200,576,2132,512,2040,466,1945,457,1870,446,2006,440,1917,360,1862,306,1819,261,1994,475,1885,438,1811,408,1748,380,1999,521,1903,525,1840,508,1788,488,2011,573,1929,597,1885,601,1852,598
79,2200,576,2132,512,2040,466,1945,457,1870,446,2006,440,1917,360,1862,306,1819,261,1994,475,1885,438,1811,408,1748,380,1999,521,1903,525,1840,508,1788,488,2011,573,1929,597,1885,601,1852,598
80,2112,658,2028,587,1952,510,1907,461,1868,423,1935,455,1875,376,1826,330,1781,290,1939,475,1874,396,1822,343,1775,297,1950,511,1891,448,1847,398,1803,355,1969,560,1934,517,1907,482,1882,448
81,2112,658,2028,587,1952,510,1907,461,1868,423,1935,455,1875,376,1826,330,1781,290,1939,475,1874,396,1822,343,1775,297,1950,511,1891,448,1847,398,1803,355,1969,560,1934,517,1907,482,1882,448
82,2022,784,1909,727,1835,630,1786,546,1733,479,1882,557,1824,452,1780,387,1739,333,1942,540,1892,436,1843,370,1795,319,2002,546,1970,449,1924,376,1878,321,2064,571,2061,496,2043,444,2021,410
83,2022,784,1909,727,1835,630,1786,546,1733,479,1882,557,1824,452,1780,387,1739,333,1942,540,1892,436,1843,370,1795,319,2002,546,1970,449,1924,376,1878,321,2064,571,2061,496,2043,444,2021,410
84,2010,802,1883,755,1811,655,1766,574,1714,510,1875,585,1806,476,1758,407,1715,348,1934,570,1883,457,1841,387,1802,335,1988,577,1943,473,1899,403,1858,350,2035,601,2011,521,1982,465,1951,423
85,2010,802,1883,755,1811,655,1766,574,1714,510,1875,585,1806,476,1758,407,1715,348,1934,570,1883,457,1841,387,1802,335,1988,577,1943,473,1899,403,1858,350,2035,601,2011,521,1982,465,1951,423
86,1994,815,1877,760,1809,657,1766,574,1718,507,1885,589,1828,478,1780,409,1734,350,1935,582,1890,467,1837,394,1782,337,1982,598,1942,489,1890,414,1836,353,2024,633,2011,550,1985,490,1951,442
87,1994,815,1877,760,1809,657,1766,574,1718,507,1885,589,1828,478,1780,409,1734,350,1935,582,1890,467,1837,394,1782,337,1982,598,1942,489,1890,414,1836,353,2024,633,2011,550,1985,490,1951,442
88,2007,814,1887,778,1809,674,1767,581,1720,514,1875,597,1814,484,1768,409,1729,346,1936,578,1885,461,1836,377,1791,308,1995,584,1957,474,1909,391,1865,323,2048,608,2035,525,2009,462,1978,410
89,2007,814,1887,778,1809,674,1767,581,1720,514,1875,597,1814,484,1768,409,1729,346,1936,578,1885,461,1836,377,1791,308,1995,584,1957,474,1909,391,1865,323,2048,608,2035,525,2009,462,1978,410
90,2000,825,1879,790,1799,682,1761,587,1711,517,1860,598,1804,478,1765,397,1730,327,1933,585,1891,459,1850,367,1813,289,2004,598,1978,480,1937,390,1898,311,2069,630,2062,542,2037,473,2008,414
91,2000,825,1879,790,1799,682,1761,587,1711,517,1860,598,1804,478,1765,397,1730,327,1933,585,1891,459,1850,367,1813,289,2004,598,1978,480,1937,390,1898,311,2069,630,2062,542,2037,473,2008,414
92,1992,831,1869,802,1789,692,1753,596,1707,529,1852,581,1803,462,1767,380,1737,309,1921,564,1895,433,1868,337,1847,258,1986,572,1975,452,1948,357,1924,277,2046,597,2046,500,2031,426,2013,362
93,1992,831,1869,802,1789,692,1753,596,1707,529,1852,581,1803,462,1767,380,1737,309,1921,564,1895,433,1868,337,1847,258,1986,572,1975,452,1948,357,1924,277,2046,597,2046,500,2031,426,2013,362
94,1997,835,1871,804,1789,687,1757,589,1717,517,1857,575,1817,448,1785,364,1757,294,1926,558,1908,418,1887,319,1871,239,1990,562,1981,432,1957,333,1936,251,2047,582,2052,478,2040,398,2025,329
95,1997,835,1871,804,1789,687,1757,589,1717,517,1857,575,1817,448,1785,364,1757,294,1926,558,1908,418,1887,319,1871,239,1990,562,1981,432,1957,333,1936,251,2047,582,2052,478,2040,398,2025,329
96,2026,850,1898,815,1813,696,1780,592,1738,519,1889,572,1853,441,1825,349,1802,272,1976,548,1956,402,1932,297,1912,211,2054,547,2042,411,2015,308,1992,228,2120,565,2121,452,2103,371,2081,307
97,2026,850,1898,815,1813,696,1780,592,1738,519,1889,572,1853,441,1825,349,1802,272,1976,548,1956,402,1932,297,1912,211,2054,547,2042,411,2015,308,1992,228,2120,565,2121,452,2103,371,2081,307
98,2030,861,1889,807,1819,683,1799,581,1761,511,1896,560,1868,436,1845,346,1829,271,1958,551,1940,415,1918,315,1907,233,2016,564,2008,438,1987,342,1977,261,2061,594,2066,490,2055,415,2048,350
99,2030,861,1889,807,1819,683,1799,581,1761,511,1896,560,1868,436,1845,346,1829,271,1958,551,1940,415,1918,315,1907,233,2016,564,2008,438,1987,342,1977,261,2061,594,2066,490,2055,415,2048,350
100,2015,838,1898,774,1839,648,1828,549,1808,482,1928,534,1909,402,1893,317,1884,247,1979,529,1955,393,1928,300,1913,226,2020,542,1998,419,1971,329,1954,261,2046,568,2035,473,2013,404,1994,350
101,2015,838,1898,774,1839,648,1828,549,1808,482,1928,534,1909,402,1893,317,1884,247,1979,529,1955,393,1928,300,1913,226,2020,542,1998,419,1971,329,1954,261,2046,568,2035,473,2013,404,1994,350
102,1761,852,1688,766,1688,621,1716,520,1749,440,1792,517,1833,397,1860,308,1888,238,1838,532,1883,395,1909,287,1933,197,1876,574,1917,444,1941,343,1967,261,1903,641,1942,550,1959,477,1975,417
103,1761,852,1688,766,1688,621,1716,520,1749,440,1792,517,1833,397,1860,308,1888,238,1838,532,1883,395,1909,287,1933,197,1876,574,1917,444,1941,343,1967,261,1903,641,1942,550,1959,477,1975,417
104,1688,895,1595,794,1590,645,1617,543,1636,451,1691,533,1724,386,1744,286,1763,202,1731,549,1762,388,1780,274,1799,170,1766,590,1804,435,1821,332,1832,241,1796,653,1827,539,1835,455,1838,375
105,1688,895,1595,794,1590,645,1617,543,1636,451,1691,533,1724,386,1744,286,1763,202,1731,549,1762,388,1780,274,1799,170,1766,590,1804,435,1821,332,1832,241,1796,653,1827,539,1835,455,1838,375
106,1615,915,1509,815,1493,665,1521,563,1543,478,1577,546,1606,399,1622,304,1637,223,1615,564,1639,402,1651,294,1661,197,1647,607,1675,451,1688,352,1696,265,1678,672,1703,562,1706,481,1702,406
107,1615,915,1509,815,1493,665,1521,563,1543,478,1577,546,1606,399,1622,304,1637,223,1615,564,1639,402,1651,294,1661,197,1647,607,1675,451,1688,352,1696,265,1678,672,1703,562,1706,481,1702,406
108,1544,924,1439,821,1416,674,1433,575,1450,497,1488,556,1511,423,1524,333,1539,254,1522,573,1537,422,1546,320,1558,224,1552,616,1568,469,1576,373,1583,285,1579,678,1594,573,1593,495,1591,420
109,1544,924,1439,821,1416,674,1433,575,1450,497,1488,556,1511,423,1524,333,1539,254,1522,573,1537,422,1546,320,1558,224,1552,616,1568,469,1576,373,1583,285,1579,678,1594,573,1593,495,1591,420
110,1498,931,1380,816,1366,678,1385,585,1405,507,1432,580,1447,450,1454,362,1464,285,1465,592,1470,442,1470,341,1473,245,1496,627,1498,482,1497,386,1497,297,1523,679,1533,574,1531,495,1530,421
111,1498,931,1380,816,1366,678,1385,585,1405,507,1432,580,1447,450,1454,362,1464,285,1465,592,1470,442,1470,341,1473,245,1496,627,1498,482,1497,386,1497,297,1523,679,1533,574,1531,495,1530,421
112,1468,931,1351,826,1334,687,1350,594,1370,519,1419,585,1430,457,1431,367,1436,294,1450,596,1448,448,1442,346,1440,259,1476,632,1472,485,1470,388,1469,301,1496,687,1511,584,1512,504,1511,426
113,1468,931,1351,826,1334,687,1350,594,1370,519,1419,585,1430,457,1431,367,1436,294,1450,596,1448,448,1442,346,1440,259,1476,632,1472,485,1470,388,1469,301,1496,687,1511,584,1512,504,1511,426
114,1462,930,1336,828,1315,692,1332,601,1351,526,1407,587,1414,462,1414,374,1418,300,1441,599,1433,452,1425,351,1423,262,1469,636,1455,492,1448,395,1448,307,1489,689,1490,584,1484,504,1480,428
115,1462,930,1336,828,1315,692,1332,601,1351,526,1407,587,1414,462,1414,374,1418,300,1441,599,1433,452,1425,351,1423,262,1469,636,1455,492,1448,395,1448,307,1489,689,1490,584,1484,504,1480,428
116,1412,908,1323,820,1315,700,1328,613,1335,534,1383,621,1388,519,1385,435,1384,360,1411,628,1414,502,1406,400,1403,315,1436,657,1431,528,1418,433,1415,348,1456,703,1457,591,1449,512,1449,440
117,1412,908,1323,820,1315,700,1328,613,1335,534,1383,621,1388,519,1385,435,1384,360,1411,628,1414,502,1406,400,1403,315,1436,657,1431,528,1418,433,1415,348,1456,703,1457,591,1449,512,1449,440
118,1430,939,1310,852,1274,720,1281,627,1298,552,1328,605,1337,479,1342,397,1351,326,1356,612,1355,465,1352,367,1353,280,1386,644,1383,502,1381,409,1382,327,1414,693,1422,591,1418,516,1417,445
119,1430,939,1310,852,1274,720,1281,627,1298,552,1328,605,1337,479,1342,397,1351,326,1356,612,1355,465,1352,367,1353,280,1386,644,1383,502,1381,409,1382,327,1414,693,1422,591,1418,516,1417,445
120,1390,910,1304,870,1271,727,1281,625,1290,556,1333,618,1333,541,1326,459,1329,396,1378,621,1361,513,1348,425,1342,345,1414,646,1391,547,1375,460,1365,376,1444,694,1423,587,1408,511,1400,443
121,1390,910,1304,870,1271,727,1281,625,1290,556,1333,618,1333,541,1326,459,1329,396,1378,621,1361,513,1348,425,1342,345,1414,646,1391,547,1375,460,1365,376,1444,694,1423,587,1408,511,1400,443
122,1415,951,1295,888,1243,753,1240,661,1259,595,1289,627,1291,498,1293,416,1298,346,1321,631,1312,482,1308,388,1308,304,1357,658,1343,511,1340,423,1338,344,1398,704,1395,600,1384,526,1376,457
123,1415,951,1295,888,1243,753,1240,661,1259,595,1289,627,1291,498,1293,416,1298,346,1321,631,1312,482,1308,388,1308,304,1357,658,1343,511,1340,423,1338,344,1398,704,1395,600,1384,526,1376,457
124,1349,917,1277,893,1238,757,1245,657,1253,593,1282,631,1280,540,1275,453,1277,386,1328,626,1305,509,1297,418,1293,334,1370,651,1344,538,1335,454,1328,371,1414,701,1392,597,1378,527,1366,460
125,1349,917,1277,893,1238,757,1245,657,1253,593,1282,631,1280,540,1275,453,1277,386,1328,626,1305,509,1297,418,1293,334,1370,651,1344,538,1335,454,1328,371,1414,701,1392,597,1378,527,1366,460
126,1416,965,1290,910,1233,778,1227,687,1233,618,1273,646,1267,518,1266,439,1267,369,1309,645,1293,499,1286,406,1282,321,1350,671,1329,528,1319,439,1310,357,1396,716,1387,609,1373,533,1360,461
127,1416,965,1290,910,1233,778,1227,687,1233,618,1273,646,1267,518,1266,439,1267,369,1309,645,1293,499,1286,406,1282,321,1350,671,1329,528,1319,439,1310,357,1396,716,1387,609,1373,533,1360,461
128,1334,914,1269,889,1232,762,1242,668,1247,601,1279,643,1276,551,1266,466,1264,398,1325,638,1303,524,1292,434,1283,353,1369,661,1339,550,1326,464,1315,384,1414,709,1390,606,1374,535,1363,470
129,1334,914,1269,889,1232,762,1242,668,1247,601,1279,643,1276,551,1266,466,1264,398,1325,638,1303,524,1292,434,1283,353,1369,661,1339,550,1326,464,1315,384,1414,709,1390,606,1374,535,1363,470
130,1414,967,1289,910,1233,778,1229,687,1237,616,1271,650,1266,521,1266,441,1269,370,1308,650,1290,504,1286,409,1285,323,1351,676,1328,533,1320,442,1314,358,1398,721,1387,615,1374,538,1362,466
131,1414,967,1289,910,1233,778,1229,687,1237,616,1271,650,1266,521,1266,441,1269,370,1308,650,1290,504,1286,409,1285,323,1351,676,1328,533,1320,442,1314,358,1398,721,1387,615,1374,538,1362,466
132,1344,924,1273,900,1234,765,1242,665,1248,603,1274,636,1274,546,1269,459,1272,394,1322,632,1297,514,1288,425,1283,341,1364,657,1338,543,1328,460,1322,377,1413,707,1393,605,1380,535,1368,470
133,1344,924,1273,900,1234,765,1242,665,1248,603,1274,636,1274,546,1269,459,1272,394,1322,632,1297,514,1288,425,1283,341,1364,657,1338,543,1328,460,1322,377,1413,707,1393,605,1380,535,1368,470
134,1420,970,1293,911,1235,781,1230,689,1237,616,1271,656,1268,528,1268,447,1272,375,1308,656,1293,511,1288,415,1285,327,1350,681,1330,539,1323,448,1314,364,1400,726,1391,618,1378,542,1365,470
135,1420,970,1293,911,1235,781,1230,689,1237,616,1271,656,1268,528,1268,447,1272,375,1308,656,1293,511,1288,415,1285,327,1350,681,1330,539,1323,448,1314,364,1400,726,1391,618,1378,542,1365,470
136,1423,971,1295,913,1235,781,1230,687,1238,614,1271,656,1266,526,1265,445,1268,373,1308,655,1291,510,1285,414,1283,328,1351,680,1331,539,1321,447,1313,364,1401,725,1393,618,1378,543,1364,472
137,1423,971,1295,913,1235,781,1230,687,1238,614,1271,656,1266,526,1265,445,1268,373,1308,655,1291,510,1285,414,1283,328,1351,680,1331,539,1321,447,1313,364,1401,725,1393,618,1378,543,1364,472
138,1352,930,1273,894,1237,771,1241,682,1240,613,1285,653,1280,549,1273,466,1272,398,1323,647,1308,527,1296,433,1292,353,1367,669,1342,547,1329,459,1322,380,1411,715,1393,610,1378,539,1367,475
139,1352,930,1273,894,1237,771,1241,682,1240,613,1285,653,1280,549,1273,466,1272,398,1323,647,1308,527,1296,433,1292,353,1367,669,1342,547,1329,459,1322,380,1411,715,1393,610,1378,539,1367,475
140,1433,963,1301,882,1257,751,1252,663,1259,592,1298,645,1294,518,1292,439,1291,368,1329,651,1311,505,1304,410,1296,321,1363,683,1343,543,1336,449,1330,363,1397,731,1391,631,1379,557,1368,485
141,1433,963,1301,882,1257,751,1252,663,1259,592,1298,645,1294,518,1292,439,1291,368,1329,651,1311,505,1304,410,1296,321,1363,683,1343,543,1336,449,1330,363,1397,731,1391,631,1379,557,1368,485
142,1386,919,1303,845,1292,721,1307,636,1321,566,1337,669,1347,569,1342,478,1338,399,1364,672,1362,553,1351,453,1342,360,1389,698,1378,577,1367,482,1357,397,1409,743,1399,652,1392,580,1388,511
143,1386,919,1303,845,1292,721,1307,636,1321,566,1337,669,1347,569,1342,478,1338,399,1364,672,1362,553,1351,453,1342,360,1389,698,1378,577,1367,482,1357,397,1409,743,1399,652,1392,580,1388,511
144,1478,951,1336,847,1307,735,1302,658,1314,591,1369,641,1361,512,1349,426,1339,348,1395,654,1370,498,1354,394,1341,300,1411,693,1390,541,1377,440,1365,350,1410,743,1400,643,1388,567,1379,493
145,1478,951,1336,847,1307,735,1302,658,1314,591,1369,641,1361,512,1349,426,1339,348,1395,654,1370,498,1354,394,1341,300,1411,693,1390,541,1377,440,1365,350,1410,743,1400,643,1388,567,1379,493
146,1437,917,1351,821,1321,730,1304,661,1293,602,1392,656,1376,549,1363,461,1353,388,1409,668,1383,530,1364,426,1354,341,1413,701,1384,562,1365,467,1355,384,1401,746,1381,640,1371,569,1368,500
147,1437,917,1351,821,1321,730,1304,661,1293,602,1392,656,1376,549,1363,461,1353,388,1409,668,1383,530,1364,426,1354,341,1413,701,1384,562,1365,467,1355,384,1401,746,1381,640,1371,569,1368,500
148,1496,956,1330,848,1310,739,1311,663,1318,605,1418,648,1387,520,1371,436,1355,359,1448,658,1395,499,1367,396,1344,303,1448,698,1401,538,1382,445,1368,364,1409,749,1386,648,1373,577,1366,506
149,1496,956,1330,848,1310,739,1311,663,1318,605,1418,648,1387,520,1371,436,1355,359,1448,658,1395,499,1367,396,1344,303,1448,698,1401,538,1382,445,1368,364,1409,749,1386,648,1373,577,1366,506
150,1430,855,1373,744,1351,655,1340,584,1350,517,1416,615,1387,511,1369,429,1355,361,1428,638,1396,510,1379,416,1365,341,1424,679,1392,549,1378,461,1371,382,1402,728,1384,640,1379,570,1380,499
151,1430,855,1373,744,1351,655,1340,584,1350,517,1416,615,1387,511,1369,429,1355,361,1428,638,1396,510,1379,416,1365,341,1424,679,1392,549,1378,461,1371,382,1402,728,1384,640,1379,570,1380,499
152,1497,956,1347,848,1328,744,1327,666,1330,610,1436,645,1391,520,1367,443,1351,375,1465,656,1397,498,1364,393,1342,299,1459,696,1403,537,1380,440,1369,352,1417,741,1388,639,1372,569,1365,496
153,1497,956,1347,848,1328,744,1327,666,1330,610,1436,645,1391,520,1367,443,1351,375,1465,656,1397,498,1364,393,1342,299,1459,696,1403,537,1380,440,1369,352,1417,741,1388,639,1372,569,1365,496
154,1453,891,1376,794,1345,702,1329,632,1316,576,1441,647,1403,528,1383,442,1364,369,1459,660,1407,519,1380,425,1360,343,1450,692,1397,545,1370,456,1353,378,1413,733,1382,631,1371,562,1367,494
155,1453,891,1376,794,1345,702,1329,632,1316,576,1441,647,1403,528,1383,442,1364,369,1459,660,1407,519,1380,425,1360,343,1450,692,1397,545,1370,456,1353,378,1413,733,1382,631,1371,562,1367,494
156,1495,955,1349,844,1328,743,1331,672,1338,614,1447,648,1405,515,1378,425,1353,346,1469,661,1406,495,1373,394,1349,300,1458,697,1403,533,1376,437,1360,351,1411,741,1379,638,1362,569,1354,498
157,1495,955,1349,844,1328,743,1331,672,1338,614,1447,648,1405,515,1378,425,1353,346,1469,661,1406,495,1373,394,1349,300,1458,697,1403,533,1376,437,1360,351,1411,741,1379,638,1362,569,1354,498
158,1491,959,1341,849,1322,745,1327,674,1335,615,1445,656,1405,520,1381,428,1358,347,1470,666,1408,497,1375,397,1353,302,1460,699,1407,534,1377,437,1360,351,1412,741,1380,635,1360,564,1353,493
159,1491,959,1341,849,1322,745,1327,674,1335,615,1445,656,1405,520,1381,428,1358,347,1470,666,1408,497,1375,397,1353,302,1460,699,1407,534,1377,437,1360,351,1412,741,1380,635,1360,564,1353,493
160,1445,902,1369,807,1347,718,1333,657,1318,603,1449,653,1415,528,1390,436,1363,359,1462,665,1414,516,1379,417,1352,333,1445,695,1398,543,1365,451,1342,370,1398,736,1373,627,1360,553,1356,482
161,1445,902,1369,807,1347,718,1333,657,1318,603,1449,653,1415,528,1390,436,1363,359,1462,665,1414,516,1379,417,1352,333,1445,695,1398,543,1365,451,1342,370,1398,736,1373,627,1360,553,1356,482
162,1483,948,1336,834,1321,740,1327,677,1330,620,1444,648,1407,513,1379,422,1353,342,1467,659,1410,492,1375,393,1349,299,1455,693,1407,530,1377,434,1359,350,1403,734,1373,628,1355,559,1348,489
163,1483,948,1336,834,1321,740,1327,677,1330,620,1444,648,1407,513,1379,422,1353,342,1467,659,1410,492,1375,393,1349,299,1455,693,1407,530,1377,434,1359,350,1403,734,1373,628,1355,559,1348,489
164,1447,904,1370,806,1353,713,1343,648,1333,593,1454,655,1420,531,1395,437,1369,356,1467,667,1417,520,1384,418,1357,330,1450,696,1401,549,1369,453,1346,369,1403,736,1375,630,1361,555,1355,482
165,1447,904,1370,806,1353,713,1343,648,1333,593,1454,655,1420,531,1395,437,1369,356,1467,667,1417,520,1384,418,1357,330,1450,696,1401,549,1369,453,1346,369,1403,736,1375,630,1361,555,1355,482
166,1486,953,1344,840,1329,742,1332,676,1336,621,1456,652,1419,512,1390,418,1361,337,1477,663,1420,493,1384,394,1354,301,1462,696,1413,533,1383,436,1363,351,1409,736,1382,629,1364,559,1356,490
167,1486,953,1344,840,1329,742,1332,676,1336,621,1456,652,1419,512,1390,418,1361,337,1477,663,1420,493,1384,394,1354,301,1462,696,1413,533,1383,436,1363,351,1409,736,1382,629,1364,559,1356,490
168,1487,958,1349,851,1330,755,1330,688,1332,633,1457,655,1420,515,1392,420,1363,339,1477,666,1421,491,1385,392,1357,299,1463,698,1414,531,1383,435,1362,350,1413,738,1387,629,1367,559,1357,488
169,1487,958,1349,851,1330,755,1330,688,1332,633,1457,655,1420,515,1392,420,1363,339,1477,666,1421,491,1385,392,1357,299,1463,698,1414,531,1383,435,1362,350,1413,738,1387,629,1367,559,1357,488
170,1449,901,1374,810,1359,712,1351,646,1341,591,1465,655,1435,527,1411,430,1387,349,1474,671,1427,517,1392,413,1365,323,1455,700,1408,547,1373,449,1350,367,1406,736,1382,628,1368,552,1363,481
171,1449,901,1374,810,1359,712,1351,646,1341,591,1465,655,1435,527,1411,430,1387,349,1474,671,1427,517,1392,413,1365,323,1455,700,1408,547,1373,449,1350,367,1406,736,1382,628,1368,552,1363,481
172,1491,947,1354,828,1340,725,1350,654,1361,594,1463,641,1422,504,1395,411,1367,329,1481,657,1425,489,1391,392,1363,300,1467,692,1418,533,1388,437,1367,352,1417,736,1392,631,1373,562,1363,493
173,1491,947,1354,828,1340,725,1350,654,1361,594,1463,641,1422,504,1395,411,1367,329,1481,657,1425,489,1391,392,1363,300,1467,692,1418,533,1388,437,1367,352,1417,736,1392,631,1373,562,1363,493
174,1500,954,1358,846,1339,751,1340,691,1345,641,1468,647,1430,507,1401,413,1373,332,1489,661,1432,489,1396,391,1366,299,1475,697,1424,532,1393,436,1372,351,1421,741,1395,634,1375,565,1364,496
175,1500,954,1358,846,1339,751,1340,691,1345,641,1468,647,1430,507,1401,413,1373,332,1489,661,1432,489,1396,391,1366,299,1475,697,1424,532,1393,436,1372,351,1421,741,1395,634,1375,565,1364,496
176,1495,948,1372,829,1356,719,1363,640,1372,575,1477,644,1440,502,1411,407,1380,326,1494,663,1441,490,1404,390,1372,300,1476,699,1428,535,1396,437,1374,352,1423,743,1394,633,1376,563,1365,494
177,1495,948,1372,829,1356,719,1363,640,1372,575,1477,644,1440,502,1411,407,1380,326,1494,663,1441,490,1404,390,1372,300,1476,699,1428,535,1396,437,1374,352,1423,743,1394,633,1376,563,1365,494
178,1493,943,1368,831,1353,728,1351,660,1348,598,1475,641,1441,499,1411,407,1381,329,1492,662,1438,486,1399,391,1366,304,1476,701,1422,535,1389,441,1364,361,1421,745,1394,636,1373,564,1359,494
179,1493,943,1368,831,1353,728,1351,660,1348,598,1475,641,1441,499,1411,407,1381,329,1492,662,1438,486,1399,391,1366,304,1476,701,1422,535,1389,441,1364,361,1421,745,1394,636,1373,564,1359,494
180,1473,815,1463,719,1435,623,1410,549,1386,490,1489,603,1450,484,1425,400,1405,331,1481,626,1435,487,1401,391,1374,313,1454,662,1410,526,1377,437,1356,365,1410,703,1385,610,1372,543,1367,480
181,1473,815,1463,719,1435,623,1410,549,1386,490,1489,603,1450,484,1425,400,1405,331,1481,626,1435,487,1401,391,1374,313,1454,662,1410,526,1377,437,1356,365,1410,703,1385,610,1372,543,1367,480
182,1504,944,1397,832,1377,728,1367,656,1362,590,1481,640,1443,493,1412,400,1381,322,1495,663,1438,486,1396,388,1362,302,1475,701,1420,535,1386,440,1363,359,1422,744,1391,633,1369,560,1353,490
183,1504,944,1397,832,1377,728,1367,656,1362,590,1481,640,1443,493,1412,400,1381,322,1495,663,1438,486,1396,388,1362,302,1475,701,1420,535,1386,440,1363,359,1422,744,1391,633,1369,560,1353,490
184,1498,938,1395,824,1375,716,1366,638,1360,570,1484,643,1443,492,1411,399,1379,320,1496,665,1437,481,1394,383,1359,297,1475,701,1418,529,1382,435,1356,355,1421,742,1388,629,1366,555,1349,484
185,1498,938,1395,824,1375,716,1366,638,1360,570,1484,643,1443,492,1411,399,1379,320,1496,665,1437,481,1394,383,1359,297,1475,701,1418,529,1382,435,1356,355,1421,742,1388,629,1366,555,1349,484
186,1495,938,1401,824,1378,716,1363,637,1355,569,1487,646,1447,495,1415,401,1384,322,1493,668,1438,485,1393,383,1357,297,1469,703,1416,533,1379,437,1353,356,1415,743,1384,629,1363,554,1347,483
187,1495,938,1401,824,1378,716,1363,637,1355,569,1487,646,1447,495,1415,401,1384,322,1493,668,1438,485,1393,383,1357,297,1469,703,1416,533,1379,437,1353,356,1415,743,1384,629,1363,554,1347,483
188,1502,933,1443,810,1415,700,1393,619,1371,550,1487,639,1445,493,1412,402,1383,325,1488,662,1428,484,1380,381,1344,295,1462,698,1405,530,1363,433,1333,354,1411,739,1374,623,1352,547,1334,479
189,1502,933,1443,810,1415,700,1393,619,1371,550,1487,639,1445,493,1412,402,1383,325,1488,662,1428,484,1380,381,1344,295,1462,698,1405,530,1363,433,1333,354,1411,739,1374,623,1352,547,1334,479
190,1466,794,1414,745,1382,657,1368,569,1347,498,1438,630,1405,501,1377,412,1354,342,1454,625,1398,487,1355,391,1323,314,1452,634,1387,507,1343,423,1313,355,1433,653,1381,571,1350,515,1328,466
191,1466,794,1414,745,1382,657,1368,569,1347,498,1438,630,1405,501,1377,412,1354,342,1454,625,1398,487,1355,391,1323,314,1452,634,1387,507,1343,423,1313,355,1433,653,1381,571,1350,515,1328,466
192,1464,811,1473,729,1440,630,1400,554,1363,500,1468,605,1416,482,1382,403,1353,338,1458,627,1394,487,1347,394,1312,318,1431,662,1370,524,1326,437,1296,367,1387,704,1348,606,1328,538,1317,477
193,1464,811,1473,729,1440,630,1400,554,1363,500,1468,605,1416,482,1382,403,1353,338,1458,627,1394,487,1347,394,1312,318,1431,662,1370,524,1326,437,1296,367,1387,704,1348,606,1328,538,1317,477
194,1493,924,1431,811,1403,703,1385,619,1364,555,1464,634,1411,494,1368,405,1330,332,1470,655,1400,487,1342,387,1297,305,1447,694,1380,531,1328,437,1290,363,1399,739,1353,626,1325,553,1303,486
195,1493,924,1431,811,1403,703,1385,619,1364,555,1464,634,1411,494,1368,405,1330,332,1470,655,1400,487,1342,387,1297,305,1447,694,1380,531,1328,437,1290,363,1399,739,1353,626,1325,553,1303,486
196,1503,936,1405,828,1376,730,1362,657,1350,596,1452,650,1394,514,1347,425,1307,349,1465,661,1392,494,1329,397,1283,317,1446,693,1380,533,1325,440,1287,367,1398,732,1353,624,1322,554,1300,489
197,1503,936,1405,828,1376,730,1362,657,1350,596,1452,650,1394,514,1347,425,1307,349,1465,661,1392,494,1329,397,1283,317,1446,693,1380,533,1325,440,1287,367,1398,732,1353,624,1322,554,1300,489
198,1503,938,1367,838,1339,738,1331,662,1327,600,1434,652,1373,523,1325,439,1284,365,1452,657,1372,497,1309,406,1262,325,1439,685,1367,531,1313,443,1275,371,1395,724,1348,624,1315,558,1290,494
199,1503,938,1367,838,1339,738,1331,662,1327,600,1434,652,1373,523,1325,439,1284,365,1452,657,1372,497,1309,406,1262,325,1439,685,1367,531,1313,443,1275,371,1395,724,1348,624,1315,558,1290,494
200,1502,934,1387,837,1353,736,1332,657,1318,594,1425,642,1358,517,1307,435,1263,364,1438,653,1350,498,1286,409,1238,332,1423,685,1344,536,1290,452,1253,380,1382,728,1334,628,1302,562,1277,498
201,1502,934,1387,837,1353,736,1332,657,1318,594,1425,642,1358,517,1307,435,1263,364,1438,653,1350,498,1286,409,1238,332,1423,685,1344,536,1290,452,1253,380,1382,728,1334,628,1302,562,1277,498
202,1507,934,1435,826,1396,726,1365,649,1335,589,1426,648,1352,521,1297,440,1249,370,1437,659,1342,506,1276,419,1222,346,1421,693,1333,542,1277,459,1236,389,1381,740,1328,639,1294,573,1264,510
203,1507,934,1435,826,1396,726,1365,649,1335,589,1426,648,1352,521,1297,440,1249,370,1437,659,1342,506,1276,419,1222,346,1421,693,1333,542,1277,459,1236,389,1381,740,1328,639,1294,573,1264,510
204,1502,935,1422,824,1381,720,1349,643,1317,582,1425,644,1349,515,1291,436,1239,367,1434,658,1340,505,1270,422,1212,353,1416,694,1328,546,1267,465,1221,398,1375,744,1318,643,1280,576,1247,514
205,1502,935,1422,824,1381,720,1349,643,1317,582,1425,644,1349,515,1291,436,1239,367,1434,658,1340,505,1270,422,1212,353,1416,694,1328,546,1267,465,1221,398,1375,744,1318,643,1280,576,1247,514
206,1508,941,1420,834,1377,731,1343,654,1309,592,1425,639,1355,506,1300,426,1249,359,1435,657,1343,504,1270,419,1212,351,1417,697,1327,550,1263,469,1215,402,1375,749,1315,648,1275,581,1243,517
207,1508,941,1420,834,1377,731,1343,654,1309,592,1425,639,1355,506,1300,426,1249,359,1435,657,1343,504,1270,419,1212,351,1417,697,1327,550,1263,469,1215,402,1375,749,1315,648,1275,581,1243,517
208,1429,774,1412,705,1370,619,1329,551,1291,496,1400,588,1339,478,1298,410,1263,356,1398,607,1324,483,1268,402,1223,339,1383,640,1311,518,1262,444,1226,385,1355,678,1311,594,1284,538,1261,488
209,1429,774,1412,705,1370,619,1329,551,1291,496,1400,588,1339,478,1298,410,1263,356,1398,607,1324,483,1268,402,1223,339,1383,640,1311,518,1262,444,1226,385,1355,678,1311,594,1284,538,1261,488
210,1444,792,1437,706,1396,622,1357,555,1323,505,1410,592,1344,484,1302,416,1267,362,1406,610,1328,485,1273,404,1230,340,1391,642,1320,518,1271,447,1234,390,1367,681,1321,594,1294,537,1271,488
211,1444,792,1437,706,1396,622,1357,555,1323,505,1410,592,1344,484,1302,416,1267,362,1406,610,1328,485,1273,404,1230,340,1391,642,1320,518,1271,447,1234,390,1367,681,1321,594,1294,537,1271,488
212,1451,847,1426,756,1386,674,1351,609,1320,561,1416,617,1345,505,1295,430,1253,370,1422,630,1335,496,1277,409,1232,342,1406,661,1332,529,1281,450,1244,386,1376,700,1328,600,1300,537,1280,480
213,1451,847,1426,756,1386,674,1351,609,1320,561,1416,617,1345,505,1295,430,1253,370,1422,630,1335,496,1277,409,1232,342,1406,661,1332,529,1281,450,1244,386,1376,700,1328,600,1300,537,1280,480
214,1483,932,1326,831,1306,726,1310,652,1308,588,1385,624,1328,518,1287,445,1253,380,1416,634,1332,498,1277,416,1236,340,1423,668,1346,530,1296,450,1263,379,1402,711,1357,618,1324,553,1301,489
215,1483,932,1326,831,1306,726,1310,652,1308,588,1385,624,1328,518,1287,445,1253,380,1416,634,1332,498,1277,416,1236,340,1423,668,1346,530,1296,450,1263,379,1402,711,1357,618,1324,553,1301,489
216,1478,943,1327,852,1297,736,1301,653,1307,586,1355,643,1321,532,1286,450,1256,381,1384,645,1332,512,1287,422,1248,339,1402,669,1349,538,1307,453,1272,379,1405,709,1373,615,1341,548,1317,485
217,1478,943,1327,852,1297,736,1301,653,1307,586,1355,643,1321,532,1286,450,1256,381,1384,645,1332,512,1287,422,1248,339,1402,669,1349,538,1307,453,1272,379,1405,709,1373,615,1341,548,1317,485
218,1475,946,1327,857,1297,745,1300,664,1299,598,1347,649,1323,535,1294,453,1268,380,1377,648,1335,515,1293,421,1256,334,1398,671,1358,540,1320,452,1288,378,1406,710,1376,614,1349,544,1328,480
219,1475,946,1327,857,1297,745,1300,664,1299,598,1347,649,1323,535,1294,453,1268,380,1377,648,1335,515,1293,421,1256,334,1398,671,1358,540,1320,452,1288,378,1406,710,1376,614,1349,544,1328,480
220,1471,946,1328,860,1298,744,1299,663,1294,598,1340,644,1319,531,1294,450,1274,376,1370,645,1332,511,1297,416,1265,327,1396,669,1358,537,1324,450,1296,374,1413,710,1385,613,1359,543,1338,478
221,1471,946,1328,860,1298,744,1299,663,1294,598,1340,644,1319,531,1294,450,1274,376,1370,645,1332,511,1297,416,1265,327,1396,669,1358,537,1324,450,1296,374,1413,710,1385,613,1359,543,1338,478
222,1465,948,1330,867,1296,746,1299,663,1296,599,1335,640,1316,526,1295,446,1279,372,1369,639,1331,506,1298,412,1269,323,1401,663,1358,532,1326,446,1300,369,1423,705,1392,609,1365,539,1345,473
223,1465,948,1330,867,1296,746,1299,663,1296,599,1335,640,1316,526,1295,446,1279,372,1369,639,1331,506,1298,412,1269,323,1401,663,1358,532,1326,446,1300,369,1423,705,1392,609,1365,539,1345,473
224,1465,947,1331,865,1296,741,1299,658,1298,594,1333,635,1316,520,1297,440,1283,367,1366,636,1331,500,1299,406,1272,316,1398,661,1360,528,1330,441,1307,364,1425,704,1397,606,1370,535,1350,470
225,1465,947,1331,865,1296,741,1299,658,1298,594,1333,635,1316,520,1297,440,1283,367,1366,636,1331,500,1299,406,1272,316,1398,661,1360,528,1330,441,1307,364,1425,704,1397,606,1370,535,1350,470
226,1462,947,1332,868,1294,740,1297,656,1296,593,1331,631,1316,515,1298,435,1283,364,1363,632,1330,497,1300,405,1273,319,1396,660,1360,527,1333,441,1310,364,1426,705,1404,608,1379,538,1358,471
227,1462,947,1332,868,1294,740,1297,656,1296,593,1331,631,1316,515,1298,435,1283,364,1363,632,1330,497,1300,405,1273,319,1396,660,1360,527,1333,441,1310,364,1426,705,1404,608,1379,538,1358,471
228,1461,950,1332,871,1292,744,1295,658,1298,591,1329,633,1317,517,1300,436,1285,364,1362,634,1332,500,1302,407,1273,320,1395,662,1361,531,1335,444,1310,368,1426,708,1405,610,1379,539,1357,472
229,1461,950,1332,871,1292,744,1295,658,1298,591,1329,633,1317,517,1300,436,1285,364,1362,634,1332,500,1302,407,1273,320,1395,662,1361,531,1335,444,1310,368,1426,708,1405,610,1379,539,1357,472
230,1462,953,1334,873,1294,745,1296,661,1296,595,1329,635,1317,518,1300,438,1287,367,1361,636,1331,499,1303,407,1276,319,1396,662,1363,526,1337,439,1313,361,1431,707,1409,606,1384,533,1362,466
231,1462,953,1334,873,1294,745,1296,661,1296,595,1329,635,1317,518,1300,438,1287,367,1361,636,1331,499,1303,407,1276,319,1396,662,1363,526,1337,439,1313,361,1431,707,1409,606,1384,533,1362,466
232,1463,950,1337,871,1295,743,1295,659,1293,595,1331,630,1317,512,1300,432,1286,362,1362,632,1333,495,1306,404,1279,318,1397,659,1364,524,1339,438,1317,360,1432,704,1412,604,1387,532,1366,464
233,1463,950,1337,871,1295,743,1295,659,1293,595,1331,630,1317,512,1300,432,1286,362,1362,632,1333,495,1306,404,1279,318,1397,659,1364,524,1339,438,1317,360,1432,704,1412,604,1387,532,1366,464
234,1463,951,1336,868,1297,740,1299,655,1296,593,1334,628,1322,510,1306,429,1292,358,1365,633,1337,494,1311,402,1285,315,1399,662,1369,527,1345,441,1324,363,1432,708,1415,608,1391,536,1369,469
235,1463,951,1336,868,1297,740,1299,655,1296,593,1334,628,1322,510,1306,429,1292,358,1365,633,1337,494,1311,402,1285,315,1399,662,1369,527,1345,441,1324,363,1432,708,1415,608,1391,536,1369,469
236,1411,923,1327,864,1304,738,1309,654,1304,586,1347,652,1333,542,1314,457,1298,384,1377,651,1352,524,1326,426,1304,338,1409,672,1382,544,1358,452,1337,372,1438,711,1414,603,1390,529,1372,465
237,1411,923,1327,864,1304,738,1309,654,1304,586,1347,652,1333,542,1314,457,1298,384,1377,651,1352,524,1326,426,1304,338,1409,672,1382,544,1358,452,1337,372,1438,711,1414,603,1390,529,1372,465
238,1465,953,1339,871,1298,740,1299,653,1299,588,1340,629,1328,507,1310,425,1296,354,1371,632,1343,491,1317,397,1292,312,1405,661,1373,525,1350,437,1329,358,1437,707,1420,609,1396,537,1376,469
239,1465,953,1339,871,1298,740,1299,653,1299,588,1340,629,1328,507,1310,425,1296,354,1371,632,1343,491,1317,397,1292,312,1405,661,1373,525,1350,437,1329,358,1437,707,1420,609,1396,537,1376,469
240,1415,924,1328,865,1302,739,1308,656,1306,589,1353,650,1345,551,1329,468,1316,396,1383,649,1365,533,1340,437,1318,351,1415,672,1387,554,1364,463,1343,381,1442,715,1418,611,1397,536,1383,467
241,1415,924,1328,865,1302,739,1308,656,1306,589,1353,650,1345,551,1329,468,1316,396,1383,649,1365,533,1340,437,1318,351,1415,672,1387,554,1364,463,1343,381,1442,715,1418,611,1397,536,1383,467
242,1466,951,1339,870,1301,740,1304,654,1304,588,1344,627,1331,508,1313,426,1299,355,1376,631,1346,492,1317,399,1289,314,1408,661,1377,527,1351,439,1326,361,1437,708,1421,610,1397,538,1374,471
243,1466,951,1339,870,1301,740,1304,654,1304,588,1344,627,1331,508,1313,426,1299,355,1376,631,1346,492,1317,399,1289,314,1408,661,1377,527,1351,439,1326,361,1437,708,1421,610,1397,538,1374,471
244,1415,925,1329,855,1309,729,1317,643,1317,574,1361,663,1353,561,1334,477,1314,405,1388,666,1373,547,1345,452,1318,367,1416,689,1395,573,1369,484,1346,408,1437,728,1412,631,1391,562,1376,500
245,1415,925,1329,855,1309,729,1317,643,1317,574,1361,663,1353,561,1334,477,1314,405,1388,666,1373,547,1345,452,1318,367,1416,689,1395,573,1369,484,1346,408,1437,728,1412,631,1391,562,1376,500
246,1468,945,1336,855,1303,729,1306,644,1306,577,1349,630,1334,513,1313,432,1296,362,1379,633,1350,497,1319,404,1292,320,1408,662,1377,530,1349,443,1324,366,1432,709,1417,614,1392,544,1370,478
247,1468,945,1336,855,1303,729,1306,644,1306,577,1349,630,1334,513,1313,432,1296,362,1379,633,1350,497,1319,404,1292,320,1408,662,1377,530,1349,443,1324,366,1432,709,1417,614,1392,544,1370,478
248,1464,945,1335,859,1301,733,1303,647,1304,580,1346,632,1332,516,1313,435,1296,364,1376,634,1347,497,1317,403,1288,317,1405,662,1374,531,1346,444,1320,368,1429,708,1413,614,1389,544,1368,479
249,1464,945,1335,859,1301,733,1303,647,1304,580,1346,632,1332,516,1313,435,1296,364,1376,634,1347,497,1317,403,1288,317,1405,662,1374,531,1346,444,1320,368,1429,708,1413,614,1389,544,1368,479
250,1465,946,1335,859,1300,733,1302,648,1302,581,1345,633,1331,517,1310,435,1293,365,1376,636,1346,499,1315,404,1285,319,1405,665,1373,532,1344,445,1318,369,1429,712,1412,616,1387,545,1366,479
251,1465,946,1335,859,1300,733,1302,648,1302,581,1345,633,1331,517,1310,435,1293,365,1376,636,1346,499,1315,404,1285,319,1405,665,1373,532,1344,445,1318,369,1429,712,1412,616,1387,545,1366,479
252,1478,943,1338,852,1305,729,1304,644,1302,574,1350,636,1333,519,1309,436,1288,364,1379,642,1349,502,1313,406,1281,321,1405,671,1374,536,1341,448,1312,371,1424,717,1407,619,1380,548,1359,482
253,1478,943,1338,852,1305,729,1304,644,1302,574,1350,636,1333,519,1309,436,1288,364,1379,642,1349,502,1313,406,1281,321,1405,671,1374,536,1341,448,1312,371,1424,717,1407,619,1380,548,1359,482
254,1510,953,1358,856,1336,746,1338,665,1337,601,1440,654,1379,527,1333,440,1289,366,1461,658,1378,504,1319,407,1266,322,1456,690,1380,538,1329,447,1290,371,1419,737,1376,637,1346,569,1320,504
255,1510,953,1358,856,1336,746,1338,665,1337,601,1440,654,1379,527,1333,440,1289,366,1461,658,1378,504,1319,407,1266,322,1456,690,1380,538,1329,447,1290,371,1419,737,1376,637,1346,569,1320,504
256,1517,915,1491,790,1460,682,1432,597,1403,535,1472,628,1399,484,1349,404,1306,340,1467,661,1374,492,1305,402,1251,332,1441,710,1348,549,1286,465,1242,399,1399,767,1337,659,1300,588,1271,523
257,1517,915,1491,790,1460,682,1432,597,1403,535,1472,628,1399,484,1349,404,1306,340,1467,661,1374,492,1305,402,1251,332,1441,710,1348,549,1286,465,1242,399,1399,767,1337,659,1300,588,1271,523
258,1515,892,1510,768,1476,646,1450,545,1445,467,1482,610,1406,474,1355,397,1312,335,1464,649,1369,490,1301,398,1245,330,1432,703,1344,553,1284,466,1240,401,1386,770,1326,662,1292,588,1264,521
259,1515,892,1510,768,1476,646,1450,545,1445,467,1482,610,1406,474,1355,397,1312,335,1464,649,1369,490,1301,398,1245,330,1432,703,1344,553,1284,466,1240,401,1386,770,1326,662,1292,588,1264,521
260,1512,883,1519,762,1489,643,1464,546,1461,468,1479,611,1404,473,1351,395,1305,335,1450,651,1356,497,1285,407,1228,342,1411,705,1320,563,1258,475,1212,407,1363,771,1296,665,1261,595,1231,529
261,1512,883,1519,762,1489,643,1464,546,1461,468,1479,611,1404,473,1351,395,1305,335,1450,651,1356,497,1285,407,1228,342,1411,705,1320,563,1258,475,1212,407,1363,771,1296,665,1261,595,1231,529
262,1509,874,1519,753,1490,637,1462,540,1458,460,1477,608,1397,471,1342,396,1294,336,1441,647,1343,496,1270,408,1213,344,1398,702,1303,565,1239,481,1194,417,1350,769,1277,665,1240,599,1211,538
263,1509,874,1519,753,1490,637,1462,540,1458,460,1477,608,1397,471,1342,396,1294,336,1441,647,1343,496,1270,408,1213,344,1398,702,1303,565,1239,481,1194,417,1350,769,1277,665,1240,599,1211,538
264,1508,868,1519,746,1491,627,1464,531,1464,453,1470,605,1388,473,1333,398,1284,340,1430,645,1329,499,1257,413,1202,349,1385,700,1287,568,1225,486,1180,423,1336,767,1263,668,1225,604,1195,544
265,1508,868,1519,746,1491,627,1464,531,1464,453,1470,605,1388,473,1333,398,1284,340,1430,645,1329,499,1257,413,1202,349,1385,700,1287,568,1225,486,1180,423,1336,767,1263,668,1225,604,1195,544
266,1496,859,1518,738,1499,619,1473,526,1466,450,1463,602,1380,474,1326,400,1280,341,1418,644,1314,502,1242,416,1187,354,1370,698,1270,569,1207,489,1163,428,1321,763,1248,667,1208,604,1175,547
267,1496,859,1518,738,1499,619,1473,526,1466,450,1463,602,1380,474,1326,400,1280,341,1418,644,1314,502,1242,416,1187,354,1370,698,1270,569,1207,489,1163,428,1321,763,1248,667,1208,604,1175,547
268,1495,855,1519,735,1503,614,1479,520,1469,445,1452,600,1368,472,1312,399,1266,341,1405,643,1301,503,1231,419,1177,358,1357,699,1255,573,1191,494,1146,434,1311,765,1234,671,1192,610,1156,554
269,1495,855,1519,735,1503,614,1479,520,1469,445,1452,600,1368,472,1312,399,1266,341,1405,643,1301,503,1231,419,1177,358,1357,699,1255,573,1191,494,1146,434,1311,765,1234,671,1192,610,1156,554
270,1493,855,1521,730,1509,610,1484,515,1473,438,1447,600,1360,473,1301,401,1252,344,1393,646,1291,509,1219,426,1165,366,1344,703,1244,583,1178,503,1131,443,1299,768,1222,675,1177,614,1140,560
271,1493,855,1521,730,1509,610,1484,515,1473,438,1447,600,1360,473,1301,401,1252,344,1393,646,1291,509,1219,426,1165,366,1344,703,1244,583,1178,503,1131,443,1299,768,1222,675,1177,614,1140,560
272,1491,851,1525,727,1515,608,1491,512,1478,435,1445,597,1358,473,1299,402,1247,348,1387,645,1284,511,1213,428,1160,368,1336,702,1236,583,1170,505,1123,446,1294,766,1215,676,1170,617,1135,564
273,1491,851,1525,727,1515,608,1491,512,1478,435,1445,597,1358,473,1299,402,1247,348,1387,645,1284,511,1213,428,1160,368,1336,702,1236,583,1170,505,1123,446,1294,766,1215,676,1170,617,1135,564
274,1494,850,1527,727,1516,607,1490,511,1479,432,1444,597,1355,474,1295,404,1242,350,1386,645,1281,515,1209,433,1154,373,1336,704,1232,588,1164,512,1115,453,1293,768,1213,678,1166,619,1127,565
275,1494,850,1527,727,1516,607,1490,511,1479,432,1444,597,1355,474,1295,404,1242,350,1386,645,1281,515,1209,433,1154,373,1336,704,1232,588,1164,512,1115,453,1293,768,1213,678,1166,619,1127,565
276,1496,848,1528,725,1516,608,1491,511,1477,432,1441,595,1351,471,1290,402,1239,348,1382,642,1276,511,1204,432,1150,374,1333,701,1228,587,1159,512,1110,454,1292,767,1210,678,1162,620,1123,568
277,1496,848,1528,725,1516,608,1491,511,1477,432,1441,595,1351,471,1290,402,1239,348,1382,642,1276,511,1204,432,1150,374,1333,701,1228,587,1159,512,1110,454,1292,767,1210,678,1162,620,1123,568
278,1497,850,1528,725,1516,608,1491,512,1475,434,1439,593,1349,473,1288,405,1236,351,1380,639,1275,514,1202,435,1147,376,1330,697,1227,587,1157,513,1108,456,1289,763,1207,677,1158,621,1117,570
279,1497,850,1528,725,1516,608,1491,512,1475,434,1439,593,1349,473,1288,405,1236,351,1380,639,1275,514,1202,435,1147,376,1330,697,1227,587,1157,513,1108,456,1289,763,1207,677,1158,621,1117,570
280,1495,846,1528,721,1517,605,1491,510,1474,433,1436,591,1345,472,1285,403,1234,350,1375,639,1269,515,1197,437,1141,381,1324,697,1220,589,1150,516,1100,461,1283,761,1202,677,1153,621,1113,571
281,1495,846,1528,721,1517,605,1491,510,1474,433,1436,591,1345,472,1285,403,1234,350,1375,639,1269,515,1197,437,1141,381,1324,697,1220,589,1150,516,1100,461,1283,761,1202,677,1153,621,1113,571
282,1497,847,1531,720,1519,605,1494,509,1478,431,1436,592,1343,474,1281,406,1228,353,1374,639,1266,517,1191,439,1135,384,1323,698,1217,591,1144,520,1094,466,1284,762,1200,678,1150,623,1109,573
283,1497,847,1531,720,1519,605,1494,509,1478,431,1436,592,1343,474,1281,406,1228,353,1374,639,1266,517,1191,439,1135,384,1323,698,1217,591,1144,520,1094,466,1284,762,1200,678,1150,623,1109,573
284,1499,842,1536,715,1526,601,1497,504,1483,425,1431,589,1337,470,1274,404,1220,353,1368,639,1257,517,1182,441,1125,387,1318,699,1210,595,1139,525,1090,473,1281,763,1196,678,1146,624,1105,576
285,1499,842,1536,715,1526,601,1497,504,1483,425,1431,589,1337,470,1274,404,1220,353,1368,639,1257,517,1182,441,1125,387,1318,699,1210,595,1139,525,1090,473,1281,763,1196,678,1146,624,1105,576
286,1500,839,1540,712,1536,601,1510,501,1490,420,1426,592,1332,470,1270,404,1216,354,1360,644,1247,520,1172,446,1116,394,1309,703,1201,599,1132,531,1084,480,1275,763,1188,680,1138,627,1098,580
287,1500,839,1540,712,1536,601,1510,501,1490,420,1426,592,1332,470,1270,404,1216,354,1360,644,1247,520,1172,446,1116,394,1309,703,1201,599,1132,531,1084,480,1275,763,1188,680,1138,627,1098,580
288,1503,834,1547,709,1548,601,1522,500,1498,420,1422,590,1327,471,1264,408,1209,360,1352,642,1239,521,1163,450,1106,401,1302,702,1194,600,1126,535,1078,487,1271,762,1183,682,1133,632,1092,588
289,1503,834,1547,709,1548,601,1522,500,1498,420,1422,590,1327,471,1264,408,1209,360,1352,642,1239,521,1163,450,1106,401,1302,702,1194,600,1126,535,1078,487,1271,762,1183,682,1133,632,1092,588
290,1511,830,1551,703,1553,595,1533,494,1512,413,1418,585,1322,467,1259,407,1204,362,1351,640,1235,523,1158,456,1099,411,1304,701,1193,603,1124,542,1076,498,1275,760,1184,684,1133,639,1092,598
291,1511,830,1551,703,1553,595,1533,494,1512,413,1418,585,1322,467,1259,407,1204,362,1351,640,1235,523,1158,456,1099,411,1304,701,1193,603,1124,542,1076,498,1275,760,1184,684,1133,639,1092,598
292,1517,816,1549,686,1543,578,1517,479,1495,400,1416,574,1313,462,1247,407,1192,367,1350,630,1229,520,1152,461,1096,422,1304,693,1190,600,1122,546,1075,507,1278,753,1184,683,1134,642,1093,605
293,1517,816,1549,686,1543,578,1517,479,1495,400,1416,574,1313,462,1247,407,1192,367,1350,630,1229,520,1152,461,1096,422,1304,693,1190,600,1122,546,1075,507,1278,753,1184,683,1134,642,1093,605
294,1515,803,1539,672,1528,564,1493,471,1463,397,1400,571,1292,467,1226,418,1172,383,1341,628,1218,525,1142,472,1087,437,1303,690,1187,607,1118,559,1070,523,1284,750,1188,692,1137,657,1095,625
295,1515,803,1539,672,1528,564,1493,471,1463,397,1400,571,1292,467,1226,418,1172,383,1341,628,1218,525,1142,472,1087,437,1303,690,1187,607,1118,559,1070,523,1284,750,1188,692,1137,657,1095,625
296,1507,792,1529,665,1514,562,1473,474,1445,401,1380,566,1276,472,1214,428,1163,397,1324,623,1206,531,1135,483,1082,452,1290,684,1181,613,1117,571,1073,541,1275,742,1184,695,1135,667,1095,640
297,1507,792,1529,665,1514,562,1473,474,1445,401,1380,566,1276,472,1214,428,1163,397,1324,623,1206,531,1135,483,1082,452,1290,684,1181,613,1117,571,1073,541,1275,742,1184,695,1135,667,1095,640
298,1506,781,1526,659,1510,560,1469,471,1442,400,1371,565,1273,478,1212,438,1164,410,1318,622,1208,539,1139,497,1088,471,1290,681,1186,617,1123,579,1080,552,1280,735,1197,699,1149,674,1110,649
299,1506,781,1526,659,1510,560,1469,471,1442,400,1371,565,1273,478,1212,438,1164,410,1318,622,1208,539,1139,497,1088,471,1290,681,1186,617,1123,579,1080,552,1280,735,1197,699,1149,674,1110,649
300,1498,776,1519,660,1507,565,1467,477,1436,410,1365,565,1275,481,1220,444,1175,419,1315,618,1214,538,1148,499,1102,477,1290,676,1191,618,1134,583,1096,560,1282,731,1202,697,1159,676,1125,654
301,1498,776,1519,660,1507,565,1467,477,1436,410,1365,565,1275,481,1220,444,1175,419,1315,618,1214,538,1148,499,1102,477,1290,676,1191,618,1134,583,1096,560,1282,731,1202,697,1159,676,1125,654
302,1546,1109,1442,1040,1351,945,1286,861,1248,780,1474,908,1475,744,1485,650,1499,577,1576,920,1602,746,1615,640,1623,559,1660,941,1707,789,1726,687,1731,606,1725,966,1776,854,1791,782,1794,720
303,1546,1109,1442,1040,1351,945,1286,861,1248,780,1474,908,1475,744,1485,650,1499,577,1576,920,1602,746,1615,640,1623,559,1660,941,1707,789,1726,687,1731,606,1725,966,1776,854,1791,782,1794,720
304,1489,1052,1374,952,1282,851,1222,753,1188,673,1422,768,1408,603,1403,508,1403,440,1509,771,1518,593,1522,488,1525,418,1584,783,1621,629,1633,534,1636,468,1648,809,1701,701,1719,627,1725,562
305,1489,1052,1374,952,1282,851,1222,753,1188,673,1422,768,1408,603,1403,508,1403,440,1509,771,1518,593,1522,488,1525,418,1584,783,1621,629,1633,534,1636,468,1648,809,1701,701,1719,627,1725,562
306,1462,855,1353,833,1259,763,1192,685,1140,616,1321,668,1252,565,1215,514,1182,473,1367,641,1288,534,1231,493,1190,467,1411,629,1325,534,1259,500,1214,476,1456,627,1385,560,1332,537,1294,521
307,1462,855,1353,833,1259,763,1192,685,1140,616,1321,668,1252,565,1215,514,1182,473,1367,641,1288,534,1231,493,1190,467,1411,629,1325,534,1259,500,1214,476,1456,627,1385,560,1332,537,1294,521
308,1391,851,1284,797,1210,715,1152,635,1106,569,1302,612,1275,475,1270,392,1271,329,1380,607,1389,449,1396,357,1404,298,1454,625,1486,488,1499,403,1509,341,1521,657,1564,556,1586,493,1599,441
309,1391,851,1284,797,1210,715,1152,635,1106,569,1302,612,1275,475,1270,392,1271,329,1380,607,1389,449,1396,357,1404,298,1454,625,1486,488,1499,403,1509,341,1521,657,1564,556,1586,493,1599,441
310,1357,838,1248,771,1168,690,1111,612,1072,547,1265,579,1242,431,1241,353,1244,298,1344,577,1356,415,1366,328,1375,275,1416,595,1448,451,1463,367,1472,306,1484,628,1529,527,1549,463,1560,406
311,1357,838,1248,771,1168,690,1111,612,1072,547,1265,579,1242,431,1241,353,1244,298,1344,577,1356,415,1366,328,1375,275,1416,595,1448,451,1463,367,1472,306,1484,628,1529,527,1549,463,1560,406
312,1338,816,1236,743,1161,662,1105,586,1064,523,1252,555,1238,408,1238,332,1243,275,1327,557,1343,393,1357,304,1370,248,1402,578,1442,430,1462,350,1474,294,1474,611,1524,501,1544,441,1552,391
313,1338,816,1236,743,1161,662,1105,586,1064,523,1252,555,1238,408,1238,332,1243,275,1327,557,1343,393,1357,304,1370,248,1402,578,1442,430,1462,350,1474,294,1474,611,1524,501,1544,441,1552,391
314,1342,803,1242,731,1170,647,1121,570,1079,507,1261,545,1248,393,1255,314,1265,258,1338,545,1364,380,1380,293,1393,239,1413,565,1457,417,1482,337,1497,281,1479,600,1536,497,1563,439,1580,390
315,1342,803,1242,731,1170,647,1121,570,1079,507,1261,545,1248,393,1255,314,1265,258,1338,545,1364,380,1380,293,1393,239,1413,565,1457,417,1482,337,1497,281,1479,600,1536,497,1563,439,1580,390
316,1354,794,1253,716,1184,630,1137,552,1099,489,1288,535,1279,386,1286,306,1297,248,1369,539,1397,378,1418,289,1439,229,1443,562,1488,419,1516,339,1538,282,1507,598,1560,501,1592,445,1617,395
317,1354,794,1253,716,1184,630,1137,552,1099,489,1288,535,1279,386,1286,306,1297,248,1369,539,1397,378,1418,289,1439,229,1443,562,1488,419,1516,339,1538,282,1507,598,1560,501,1592,445,1617,395
318,1372,793,1271,716,1200,628,1152,545,1122,479,1307,529,1305,381,1315,303,1329,245,1389,534,1423,377,1447,290,1469,232,1462,559,1510,420,1539,343,1561,288,1525,599,1581,508,1614,453,1640,404
319,1372,793,1271,716,1200,628,1152,545,1122,479,1307,529,1305,381,1315,303,1329,245,1389,534,1423,377,1447,290,1469,232,1462,559,1510,420,1539,343,1561,288,1525,599,1581,508,1614,453,1640,404
320,1382,798,1280,719,1210,631,1165,546,1134,478,1318,527,1317,379,1328,302,1342,246,1397,530,1432,376,1457,291,1478,235,1469,554,1516,416,1545,343,1566,290,1533,595,1590,506,1620,454,1642,409
321,1382,798,1280,719,1210,631,1165,546,1134,478,1318,527,1317,379,1328,302,1342,246,1397,530,1432,376,1457,291,1478,235,1469,554,1516,416,1545,343,1566,290,1533,595,1590,506,1620,454,1642,409
322,1388,797,1286,718,1216,629,1171,544,1144,478,1326,527,1325,380,1335,303,1347,246,1403,532,1440,377,1464,292,1484,237,1476,556,1523,417,1552,344,1572,292,1540,596,1599,503,1628,451,1649,407
323,1388,797,1286,718,1216,629,1171,544,1144,478,1326,527,1325,380,1335,303,1347,246,1403,532,1440,377,1464,292,1484,237,1476,556,1523,417,1552,344,1572,292,1540,596,1599,503,1628,451,1649,407
324,1391,797,1290,718,1222,628,1180,543,1151,476,1330,525,1330,377,1341,300,1354,245,1406,531,1443,375,1468,292,1491,239,1479,556,1526,415,1556,343,1576,293,1544,598,1604,505,1633,451,1652,405
325,1391,797,1290,718,1222,628,1180,543,1151,476,1330,525,1330,377,1341,300,1354,245,1406,531,1443,375,1468,292,1491,239,1479,556,1526,415,1556,343,1576,293,1544,598,1604,505,1633,451,1652,405
326,1390,796,1290,717,1223,628,1181,544,1150,475,1332,526,1336,379,1347,302,1359,245,1408,534,1446,380,1472,296,1493,244,1480,561,1525,421,1554,348,1573,295,1544,603,1604,507,1634,454,1654,408
327,1390,796,1290,717,1223,628,1181,544,1150,475,1332,526,1336,379,1347,302,1359,245,1408,534,1446,380,1472,296,1493,244,1480,561,1525,421,1554,348,1573,295,1544,603,1604,507,1634,454,1654,408
328,1387,801,1286,722,1221,633,1180,546,1154,475,1328,530,1333,382,1345,305,1358,249,1404,538,1443,382,1471,299,1494,247,1475,566,1520,426,1550,352,1570,302,1538,608,1597,513,1628,461,1649,417
329,1387,801,1286,722,1221,633,1180,546,1154,475,1328,530,1333,382,1345,305,1358,249,1404,538,1443,382,1471,299,1494,247,1475,566,1520,426,1550,352,1570,302,1538,608,1597,513,1628,461,1649,417
330,1375,800,1279,722,1214,634,1175,549,1153,479,1319,535,1327,388,1340,310,1353,254,1395,543,1436,386,1466,304,1490,254,1467,569,1513,428,1545,355,1566,306,1530,611,1588,516,1621,466,1644,427
331,1375,800,1279,722,1214,634,1175,549,1153,479,1319,535,1327,388,1340,310,1353,254,1395,543,1436,386,1466,304,1490,254,1467,569,1513,428,1545,355,1566,306,1530,611,1588,516,1621,466,1644,427
332,1369,803,1276,721,1213,634,1178,548,1158,478,1310,539,1318,390,1332,312,1347,257,1384,549,1428,388,1460,305,1486,254,1457,575,1508,430,1543,356,1567,306,1523,616,1587,514,1621,464,1644,425
333,1369,803,1276,721,1213,634,1178,548,1158,478,1310,539,1318,390,1332,312,1347,257,1384,549,1428,388,1460,305,1486,254,1457,575,1508,430,1543,356,1567,306,1523,616,1587,514,1621,464,1644,425
334,1362,803,1277,717,1223,629,1199,546,1190,477,1303,538,1319,396,1340,323,1361,271,1377,549,1422,392,1458,307,1487,251,1451,576,1502,431,1539,352,1566,295,1521,618,1589,520,1627,466,1655,421
335,1362,803,1277,717,1223,629,1199,546,1190,477,1303,538,1319,396,1340,323,1361,271,1377,549,1422,392,1458,307,1487,251,1451,576,1502,431,1539,352,1566,295,1521,618,1589,520,1627,466,1655,421
336,1367,802,1285,715,1230,627,1207,539,1212,473,1297,543,1318,408,1337,337,1357,286,1366,551,1399,394,1428,304,1453,244,1440,575,1483,430,1515,350,1539,293,1511,614,1577,516,1615,463,1645,418
337,1367,802,1285,715,1230,627,1207,539,1212,473,1297,543,1318,408,1337,337,1357,286,1366,551,1399,394,1428,304,1453,244,1440,575,1483,430,1515,350,1539,293,1511,614,1577,516,1615,463,1645,418
338,1359,809,1280,720,1227,628,1208,541,1220,475,1287,555,1312,417,1336,344,1359,292,1355,565,1381,404,1408,309,1430,243,1430,587,1464,443,1493,355,1515,290,1504,620,1572,519,1614,464,1646,418
339,1359,809,1280,720,1227,628,1208,541,1220,475,1287,555,1312,417,1336,344,1359,292,1355,565,1381,404,1408,309,1430,243,1430,587,1464,443,1493,355,1515,290,1504,620,1572,519,1614,464,1646,418
340,1354,819,1284,726,1246,633,1238,549,1262,484,1283,560,1309,415,1337,336,1364,281,1343,572,1368,410,1396,314,1419,242,1417,596,1448,456,1481,365,1505,293,1496,631,1571,529,1620,474,1658,426
341,1354,819,1284,726,1246,633,1238,549,1262,484,1283,560,1309,415,1337,336,1364,281,1343,572,1368,410,1396,314,1419,242,1417,596,1448,456,1481,365,1505,293,1496,631,1571,529,1620,474,1658,426
342,1370,825,1307,721,1273,617,1273,526,1309,466,1280,563,1319,415,1359,339,1394,285,1331,587,1351,420,1381,319,1406,242,1403,618,1428,469,1459,374,1481,301,1488,652,1558,545,1607,489,1647,444
343,1370,825,1307,721,1273,617,1273,526,1309,466,1280,563,1319,415,1359,339,1394,285,1331,587,1351,420,1381,319,1406,242,1403,618,1428,469,1459,374,1481,301,1488,652,1558,545,1607,489,1647,444
344,1382,838,1331,738,1289,645,1261,577,1233,538,1285,584,1301,442,1323,357,1342,291,1312,598,1311,442,1332,340,1355,266,1366,624,1368,485,1388,396,1406,328,1442,655,1496,561,1531,504,1560,456
345,1382,838,1331,738,1289,645,1261,577,1233,538,1285,584,1301,442,1323,357,1342,291,1312,598,1311,442,1332,340,1355,266,1366,624,1368,485,1388,396,1406,328,1442,655,1496,561,1531,504,1560,456
346,1405,824,1377,718,1333,618,1312,542,1284,492,1283,578,1273,446,1291,363,1311,297,1297,607,1269,458,1289,355,1318,278,1336,642,1321,498,1352,403,1385,331,1399,677,1422,590,1446,527,1470,474
347,1405,824,1377,718,1333,618,1312,542,1284,492,1283,578,1273,446,1291,363,1311,297,1297,607,1269,458,1289,355,1318,278,1336,642,1321,498,1352,403,1385,331,1399,677,1422,590,1446,527,1470,474
348,1425,829,1456,707,1449,598,1446,525,1440,457,1353,568,1368,456,1392,387,1417,325,1330,588,1285,466,1277,377,1279,301,1334,627,1303,505,1311,419,1322,341,1361,670,1355,604,1363,546,1374,486
349,1425,829,1456,707,1449,598,1446,525,1440,457,1353,568,1368,456,1392,387,1417,325,1330,588,1285,466,1277,377,1279,301,1334,627,1303,505,1311,419,1322,341,1361,670,1355,604,1363,546,1374,486
350,1461,819,1494,688,1478,592,1476,526,1488,451,1374,557,1408,447,1452,388,1498,339,1354,581,1282,454,1267,365,1260,289,1358,631,1271,521,1244,441,1224,366,1382,683,1338,628,1317,570,1298,507
351,1461,819,1494,688,1478,592,1476,526,1488,451,1374,557,1408,447,1452,388,1498,339,1354,581,1282,454,1267,365,1260,289,1358,631,1271,521,1244,441,1224,366,1382,683,1338,628,1317,570,1298,507
352,1459,815,1494,695,1484,595,1481,525,1488,449,1375,546,1407,445,1454,390,1499,341,1343,564,1270,455,1256,370,1247,296,1333,611,1246,520,1219,448,1197,377,1347,669,1287,630,1254,580,1224,524
353,1459,815,1494,695,1484,595,1481,525,1488,449,1375,546,1407,445,1454,390,1499,341,1343,564,1270,455,1256,370,1247,296,1333,611,1246,520,1219,448,1197,377,1347,669,1287,630,1254,580,1224,524
354,1463,816,1496,698,1485,599,1482,526,1491,449,1376,544,1403,446,1448,388,1492,337,1341,563,1272,456,1257,372,1247,299,1329,612,1242,530,1213,458,1190,386,1341,673,1277,639,1240,594,1207,543
355,1463,816,1496,698,1485,599,1482,526,1491,449,1376,544,1403,446,1448,388,1492,337,1341,563,1272,456,1257,372,1247,299,1329,612,1242,530,1213,458,1190,386,1341,673,1277,639,1240,594,1207,543
356,1469,814,1500,699,1490,603,1491,529,1501,453,1383,549,1410,455,1454,396,1499,344,1344,564,1282,458,1266,370,1253,295,1328,610,1240,532,1210,462,1185,390,1335,673,1264,645,1223,601,1189,548
357,1469,814,1500,699,1490,603,1491,529,1501,453,1383,549,1410,455,1454,396,1499,344,1344,564,1282,458,1266,370,1253,295,1328,610,1240,532,1210,462,1185,390,1335,673,1264,645,1223,601,1189,548
358,1471,815,1503,699,1492,604,1496,532,1503,457,1384,553,1414,460,1460,404,1505,355,1347,569,1292,460,1279,370,1270,293,1330,617,1244,532,1215,459,1195,384,1338,679,1265,655,1218,614,1180,563
359,1471,815,1503,699,1492,604,1496,532,1503,457,1384,553,1414,460,1460,404,1505,355,1347,569,1292,460,1279,370,1270,293,1330,617,1244,532,1215,459,1195,384,1338,679,1265,655,1218,614,1180,563
360,1471,816,1502,697,1488,602,1490,531,1500,456,1383,553,1409,453,1455,396,1500,343,1349,571,1297,460,1289,372,1286,294,1338,622,1255,535,1227,461,1209,383,1350,687,1282,663,1238,622,1201,571
361,1471,816,1502,697,1488,602,1490,531,1500,456,1383,553,1409,453,1455,396,1500,343,1349,571,1297,460,1289,372,1286,294,1338,622,1255,535,1227,461,1209,383,1350,687,1282,663,1238,622,1201,571
362,1449,835,1488,730,1484,631,1478,545,1475,463,1398,562,1397,442,1415,371,1436,312,1358,578,1305,459,1290,377,1283,307,1342,625,1277,543,1251,476,1236,411,1344,689,1296,669,1275,645,1264,620
363,1449,835,1488,730,1484,631,1478,545,1475,463,1398,562,1397,442,1415,371,1436,312,1358,578,1305,459,1290,377,1283,307,1342,625,1277,543,1251,476,1236,411,1344,689,1296,669,1275,645,1264,620
364,1440,839,1469,704,1452,598,1456,523,1454,464,1325,585,1285,468,1281,389,1281,321,1322,623,1280,494,1283,400,1292,322,1348,665,1322,540,1328,450,1335,380,1403,705,1425,619,1445,553,1464,498
365,1440,839,1469,704,1452,598,1456,523,1454,464,1325,585,1285,468,1281,389,1281,321,1322,623,1280,494,1283,400,1292,322,1348,665,1322,540,1328,450,1335,380,1403,705,1425,619,1445,553,1464,498
366,1424,859,1372,767,1325,684,1287,620,1245,587,1304,625,1275,491,1266,410,1262,343,1327,642,1287,498,1279,406,1288,336,1375,665,1412,517,1446,437,1474,377,1442,690,1526,597,1580,555,1622,519
367,1424,859,1372,767,1325,684,1287,620,1245,587,1304,625,1275,491,1266,410,1262,343,1327,642,1287,498,1279,406,1288,336,1375,665,1412,517,1446,437,1474,377,1442,690,1526,597,1580,555,1622,519
368,1441,849,1368,771,1316,704,1277,662,1227,637,1291,636,1238,510,1225,431,1216,364,1333,658,1314,498,1326,401,1344,330,1399,679,1433,510,1475,428,1505,364,1474,701,1537,577,1581,520,1613,469
369,1441,849,1368,771,1316,704,1277,662,1227,637,1291,636,1238,510,1225,431,1216,364,1333,658,1314,498,1326,401,1344,330,1399,679,1433,510,1475,428,1505,364,1474,701,1537,577,1581,520,1613,469
370,1409,861,1313,779,1239,690,1197,599,1186,518,1284,663,1252,534,1246,450,1247,379,1362,675,1380,501,1401,396,1417,323,1444,685,1481,519,1507,426,1519,362,1514,695,1552,559,1568,494,1577,445
371,1409,861,1313,779,1239,690,1197,599,1186,518,1284,663,1252,534,1246,450,1247,379,1362,675,1380,501,1401,396,1417,323,1444,685,1481,519,1507,426,1519,362,1514,695,1552,559,1568,494,1577,445
372,1398,854,1300,782,1221,695,1172,615,1159,537,1268,674,1244,519,1259,427,1277,365,1349,689,1377,495,1406,395,1419,343,1434,705,1468,528,1493,443,1498,396,1508,724,1542,584,1554,516,1551,471
373,1398,854,1300,782,1221,695,1172,615,1159,537,1268,674,1244,519,1259,427,1277,365,1349,689,1377,495,1406,395,1419,343,1434,705,1468,528,1493,443,1498,396,1508,724,1542,584,1554,516,1551,471
374,1396,852,1335,763,1280,661,1250,573,1227,500,1241,633,1276,490,1322,420,1362,373,1283,668,1347,501,1414,426,1466,381,1347,702,1420,548,1486,478,1530,433,1420,732,1469,612,1502,559,1523,521
375,1396,852,1335,763,1280,661,1250,573,1227,500,1241,633,1276,490,1322,420,1362,373,1283,668,1347,501,1414,426,1466,381,1347,702,1420,548,1486,478,1530,433,1420,732,1469,612,1502,559,1523,521
376,1456,830,1478,693,1462,591,1451,519,1440,458,1347,575,1332,482,1390,438,1449,410,1324,601,1302,492,1382,443,1458,422,1307,641,1275,545,1349,499,1421,478,1296,694,1253,642,1280,596,1323,562
377,1456,830,1478,693,1462,591,1451,519,1440,458,1347,575,1332,482,1390,438,1449,410,1324,601,1302,492,1382,443,1458,422,1307,641,1275,545,1349,499,1421,478,1296,694,1253,642,1280,596,1323,562
378,1481,830,1530,725,1535,616,1532,532,1525,463,1373,580,1376,492,1411,448,1456,421,1324,593,1306,494,1346,433,1406,402,1283,625,1234,536,1260,478,1312,440,1257,677,1179,634,1162,582,1178,533
379,1481,830,1530,725,1535,616,1532,532,1525,463,1373,580,1376,492,1411,448,1456,421,1324,593,1306,494,1346,433,1406,402,1283,625,1234,536,1260,478,1312,440,1257,677,1179,634,1162,582,1178,533
380,1485,826,1539,726,1553,616,1562,533,1566,459,1392,573,1396,483,1429,439,1470,410,1336,585,1311,487,1338,421,1382,377,1290,617,1237,526,1249,466,1283,415,1257,671,1183,625,1152,577,1144,523
381,1485,826,1539,726,1553,616,1562,533,1566,459,1392,573,1396,483,1429,439,1470,410,1336,585,1311,487,1338,421,1382,377,1290,617,1237,526,1249,466,1283,415,1257,671,1183,625,1152,577,1144,523
382,1473,833,1520,732,1527,618,1536,532,1524,465,1364,572,1361,473,1386,417,1424,373,1317,590,1280,484,1295,411,1334,355,1285,630,1228,538,1238,471,1272,412,1272,689,1208,644,1186,592,1190,538
383,1473,833,1520,732,1527,618,1536,532,1524,465,1364,572,1361,473,1386,417,1424,373,1317,590,1280,484,1295,411,1334,355,1285,630,1228,538,1238,471,1272,412,1272,689,1208,644,1186,592,1190,538
384,1409,864,1456,728,1446,622,1445,553,1430,491,1292,609,1244,496,1272,416,1311,360,1279,648,1221,519,1266,431,1317,376,1296,693,1250,574,1287,489,1326,434,1340,737,1344,660,1369,594,1398,545
385,1409,864,1456,728,1446,622,1445,553,1430,491,1292,609,1244,496,1272,416,1311,360,1279,648,1221,519,1266,431,1317,376,1296,693,1250,574,1287,489,1326,434,1340,737,1344,660,1369,594,1398,545
386,1376,878,1311,767,1285,650,1295,555,1322,485,1248,645,1215,508,1227,422,1247,358,1298,681,1287,530,1315,427,1350,356,1369,714,1384,573,1413,480,1439,412,1450,741,1513,637,1549,572,1579,516
387,1376,878,1311,767,1285,650,1295,555,1322,485,1248,645,1215,508,1227,422,1247,358,1298,681,1287,530,1315,427,1350,356,1369,714,1384,573,1413,480,1439,412,1450,741,1513,637,1549,572,1579,516
388,1377,885,1298,784,1266,681,1277,591,1307,525,1245,675,1203,539,1206,447,1217,374,1303,704,1300,547,1327,440,1355,367,1382,731,1404,588,1429,486,1447,410,1466,752,1525,640,1562,572,1590,514
389,1377,885,1298,784,1266,681,1277,591,1307,525,1245,675,1203,539,1206,447,1217,374,1303,704,1300,547,1327,440,1355,367,1382,731,1404,588,1429,486,1447,410,1466,752,1525,640,1562,572,1590,514
390,1382,892,1316,793,1290,686,1303,596,1332,534,1257,673,1210,539,1214,448,1227,378,1309,706,1305,549,1334,442,1365,372,1383,738,1404,595,1432,494,1450,421,1467,764,1527,650,1563,580,1589,521
391,1382,892,1316,793,1290,686,1303,596,1332,534,1257,673,1210,539,1214,448,1227,378,1309,706,1305,549,1334,442,1365,372,1383,738,1404,595,1432,494,1450,421,1467,764,1527,650,1563,580,1589,521
392,1423,880,1370,774,1334,665,1335,572,1346,507,1272,653,1230,515,1246,429,1269,367,1301,701,1291,545,1333,444,1378,378,1362,742,1381,596,1432,500,1473,434,1436,771,1500,660,1549,596,1587,546
393,1423,880,1370,774,1334,665,1335,572,1346,507,1272,653,1230,515,1246,429,1269,367,1301,701,1291,545,1333,444,1378,378,1362,742,1381,596,1432,500,1473,434,1436,771,1500,660,1549,596,1587,546
394,1447,894,1460,731,1431,624,1413,549,1406,486,1275,649,1230,530,1252,454,1288,400,1275,702,1244,562,1297,473,1355,418,1308,751,1325,610,1393,534,1447,486,1365,792,1433,699,1490,650,1536,615
395,1447,894,1460,731,1431,624,1413,549,1406,486,1275,649,1230,530,1252,454,1288,400,1275,702,1244,562,1297,473,1355,418,1308,751,1325,610,1393,534,1447,486,1365,792,1433,699,1490,650,1536,615
396,1475,887,1474,720,1436,624,1414,552,1410,473,1270,653,1249,524,1293,452,1347,404,1267,708,1246,563,1308,483,1373,433,1301,759,1355,627,1443,563,1507,524,1359,799,1424,700,1490,652,1536,621
397,1475,887,1474,720,1436,624,1414,552,1410,473,1270,653,1249,524,1293,452,1347,404,1267,708,1246,563,1308,483,1373,433,1301,759,1355,627,1443,563,1507,524,1359,799,1424,700,1490,652,1536,621
398,1472,906,1461,745,1427,647,1403,575,1390,506,1265,665,1269,534,1336,473,1401,444,1271,716,1271,576,1339,502,1409,467,1311,766,1394,640,1488,597,1552,580,1371,803,1457,704,1516,664,1554,644
399,1472,906,1461,745,1427,647,1403,575,1390,506,1265,665,1269,534,1336,473,1401,444,1271,716,1271,576,1339,502,1409,467,1311,766,1394,640,1488,597,1552,580,1371,803,1457,704,1516,664,1554,644
400,1457,933,1453,770,1429,665,1415,592,1420,527,1254,681,1277,540,1352,488,1417,466,1270,730,1315,581,1397,516,1469,486,1317,778,1411,648,1502,606,1565,588,1379,816,1465,715,1523,675,1563,650
401,1457,933,1453,770,1429,665,1415,592,1420,527,1254,681,1277,540,1352,488,1417,466,1270,730,1315,581,1397,516,1469,486,1317,778,1411,648,1502,606,1565,588,1379,816,1465,715,1523,675,1563,650
